41
755.284 257.244 754.969 406.156
484.548 238.442 480.646 450.621
648.794 279.556 646.932 446.376
315.682 199.008 308.839 431.496
52.4911 134.031 41.5593 366.092
56.5917 34.7221 45.7323 251.198
668.14 373.473 666.971 539.516
729.258 257.192 728.573 411.018
658.914 277.635 657.242 444.313
768.281 225.846 768.014 370.402
422.373 226.156 417.345 448.201
657.893 380.205 656.505 548.405
621.255 278.532 619.201 452.348
725.111 280.514 724.254 434.343
553.416 231.268 550.298 427.44
594.863 273.594 592.57 454.817
748.464 225.835 748.121 375.291
26.6848 22.7594 15.2301 249.386
680.56 369.511 679.283 534.288
576.329 234.154 574.082 426.292
764.282 229.284 764.379 376.236
762.344 247.296 762.539 395.673
652.503 285.284 650.323 452.298
754.327 267.378 754.424 415.318
827.543 237.263 828.594 371.419
216.253 207.476 207.094 437.394
267.452 587.421 259.043 716.267
452.461 209.242 447.087 420.014
87.6337 156.891 76.3778 392.156
230.729 203.831 221.562 434.926
452.032 422.169 447.496 593.558
480.802 226.419 475.962 440.569
232.86 154.811 223.254 370.338
894.94 131.396 897.054 248.714
93.3879 155.173 84.3658 388.127
686.501 307.878 683.672 469.075
34.6133 116.337 21.7635 350.547
546.966 29.7507 542.956 166.191
291.719 160.129 282.44 379.487
890.981 113.79 893.242 228.64
452.032 422.169 447.496 593.558
