64
76
666.21 1107.46 6.90589 0.29499 1 0.000620525 -0.00174816 0.0012296 0.00342385 -0.000474264 0.00539025 0.02196 0.0219477 -0.00462548 0.00189643 0.0330094 0.0299371 -0.00241455 -0.00128679 0.00423688 0.00176573 -0.00378219 0.00782106 0.0171499 0.0218873 -0.0163633 -0.0625001 0.203652 0.211857 -0.0367389 0.0360498 0.150151 0.213785 0.00326324 -0.0120536 0.0192264 0.0177892 0.0265129 -0.0142968 0.0429904 0.022909 0.314032 0.00474045 0.355894 0.196376 0.29805 -0.031103 0.54495 0.209389 0.0314314 -0.0141451 0.12513 0.0389744 -0.0114057 -0.00118213 0.0114057 0.00264071 -0.17515 -0.00737001 0.176617 0.0236005 -0.162014 -0.0251342 0.164197 0.0298756 -0.00940291 -0.000461026 0.0114524 0.00154294
689.655 1114.52 3.79391 -2.62404 -1 3.37017e-05 -2.42185e-05 0.000329574 0.000192195 0.00125985 -0.000561009 0.00457514 0.00208754 0.00169727 -0.000703421 0.00414363 0.00336929 0.00115717 -0.000463979 0.00158908 0.000570537 0.0397633 -0.00416408 0.0405739 0.00860646 0.333256 0.00924118 0.341608 0.0464796 0.453097 -0.0254954 0.453432 0.0764232 0.0883212 -0.00941916 0.0887328 0.0143078 -0.0235983 0.000131334 0.0271245 0.0135065 -0.177332 0.0697071 0.202349 0.166807 -0.246437 -4.18608e-07 0.360013 0.167205 -0.0370389 -0.00945476 0.0510464 0.0184668 -0.00175277 0.00148676 0.00386164 0.00244063 -0.0133454 0.00770115 0.0174659 0.0277954 -0.00359881 0.0227463 0.0340801 0.0299815 0.000420412 -0.000659471 0.00783205 0.00324548
801.193 611.434 1.96955 3.11879 -1 0.000757143 0.00016293 0.000991004 0.000751753 0.000313401 0.00163576 0.0159174 0.00610246 -0.0142961 0.00270126 0.0197508 0.00919497 0.00060006 -0.000725203 0.000991008 0.00109619 0.0272825 0.00384487 0.0272825 0.0073291 0.339446 -0.0303124 0.357194 0.0594616 0.507515 0.0669478 0.518408 0.104489 0.0539442 0.00692079 0.0611828 0.0115266 0.0226177 0.00585647 0.0269531 0.0104625 -0.00584294 -0.00769955 0.160687 0.0819093 -0.175388 -0.119735 0.285648 0.138012 -0.0404332 -0.0162452 0.0404332 0.0162452 -0.00912725 -0.00291018 0.00924951 0.00293191 -0.0597107 -0.0208521 0.0604688 0.0212694 -0.0661239 -0.0123953 0.0701753 0.0125507 -0.0096997 -0.00176358 0.00971797 0.00177325
1146.03 1036.04 3.63519 -2.72823 1 -0.000387938 0.00238882 0.00202519 0.00266473 0.0117683 0.00846542 0.0168478 0.0224731 0.0255756 -0.000896798 0.0348987 0.0253196 0.0122225 0.000203077 0.0146137 0.00692975 0.00069291 0.000139681 0.0164774 0.0133042 -0.0468017 0.00528049 0.094269 0.121981 -0.110064 0.222776 0.232883 0.285249 -0.0131519 -0.0124689 0.043011 0.0362818 0.00645869 0.000240791 0.0214345 0.029383 0.302941 0.025316 0.421984 0.158148 0.230934 0.0809254 0.470289 0.408677 -0.0201425 -0.0212063 0.0603424 0.052072 -0.00430961 0.0043993 0.00597388 0.00461404 -0.0626443 0.036004 0.0732769 0.040488 -0.0320838 -0.0203966 0.0417096 0.0327822 0.0030679 -0.00234076 0.00599733 0.00387496
746.844 527.056 5.51705 0.31961 -1 0.00158657 -0.00207166 0.00180957 0.00226304 0.00104931 -0.00456101 0.00300303 0.00564439 -0.000567431 -0.00119692 0.0058346 0.00299472 -0.000758225 0.000494408 0.00101921 0.000668026 -0.0102811 -0.0130627 0.0199165 0.0149777 0.0799082 -0.00144604 0.161618 0.0631278 0.131379 0.000331476 0.171907 0.0442842 0.009357 0.00484964 0.0114318 0.0101006 0.0409902 -0.00234801 0.0443148 0.0163653 0.127547 0.000904298 0.566911 0.239223 0.02256 -0.192632 0.645748 0.198953 -0.00974621 -0.0133293 0.0649659 0.0291802 -0.00964163 -0.00491 0.00964163 0.00553499 -0.0314793 -0.00256089 0.0744596 0.0322622 -0.0496238 -0.0199673 0.0624139 0.0201195 -0.00407904 -0.0010969 0.00450077 0.00303448
1243.28 204.461 2.76597 -1.65591 -1 4.54156e-05 0.000111969 0.000651305 0.000339111 0.000348666 -0.00071643 0.00674884 0.00392441 0.00370768 -0.000865036 0.00597438 0.00332739 0.000134943 -0.000309091 0.00122808 0.000769746 0.0326372 -0.000348722 0.0341022 0.00528006 0.335521 0.0239264 0.350284 0.0444095 0.346895 -0.00633403 0.3614 0.0542731 0.0689874 -0.0111645 0.0705894 0.0129695 -0.0290466 -0.00650091 0.0357086 0.0148556 -0.243469 0.13829 0.253132 0.150093 -0.329519 -0.151831 0.341153 0.256002 -0.0458227 -0.0103021 0.0592045 0.0211288 -0.00214502 -0.000106501 0.00399759 0.00319201 0.00205547 0.0135155 0.0146377 0.0298829 -0.0100479 -0.0374788 0.0234415 0.0719362 0.00193853 0.00731917 0.00427151 0.0100347
408.598 379.857 6.7837 -1.59133 -1 0.000863 -0.00154253 0.00160735 0.00314183 0.00338132 -0.00324283 0.00834808 0.0126095 0.0182732 0.0251654 0.0206847 0.0295552 0.00285774 0.00289741 0.00988674 0.00425661 0.0164105 0.00277404 0.0620908 0.0121537 0.287865 -0.00685342 0.579457 0.129513 0.161117 0.0327147 0.517072 0.11834 -0.00821075 0.00664556 0.0763865 0.0209111 -0.00967648 -0.00755115 0.0578598 0.0248161 -0.231907 -0.00452435 0.282544 0.127181 -0.132266 -0.0948177 0.193589 0.152387 -0.00788118 0.0108869 0.0197622 0.0165514 -0.000463776 -0.00184072 0.00224049 0.00551023 -0.00217184 0.0090158 0.00819407 0.0174068 0.00392995 -0.00667064 0.0112833 0.0119657 0.000549249 0.00381323 0.00255177 0.00422334
790.064 524.375 6.6546 -2.44235 1 -0.00179219 -0.000784586 0.00262086 0.00115626 -0.00596711 3.86444e-05 0.00900557 0.007898 -0.00284018 0.00348417 0.00708025 0.0109203 -0.000242876 0.000708349 0.00132792 0.00148851 0.00885837 -0.00325774 0.010192 0.00424636 0.0502751 -0.00432766 0.0551767 0.014901 0.0105 -0.00507233 0.0709882 0.0414844 -0.00401206 0.00545708 0.0125688 0.0156601 0.0142169 0.0152415 0.045699 0.0272242 0.322924 -0.036317 0.459879 0.135325 0.506803 0.0455484 0.555946 0.162917 0.0555228 -0.0584574 0.0569821 0.0653809 -0.00276204 0.00119933 0.00310476 0.00157433 -0.0887258 0.0107043 0.0967923 0.0172301 -0.0856821 0.0468499 0.0919753 0.0526846 -8.96196e-05 -0.0155678 0.00408139 0.0177066
762.375 467.273 2.79533 -0.00436875 1 0.00125719 -0.00643826 0.0017884 0.00777256 -0.0155096 0.0188487 0.0162976 0.0209352 -0.0256945 -0.0081465 0.02752 0.0133565 -0.00441338 -0.000742872 0.0044463 0.00190255 -0.00808248 -0.0103142 0.0196916 0.0610602 0.0300699 -0.0457966 0.149857 0.0899756 -0.0357877 -0.0752447 0.178501 0.100805 -0.0134529 -0.00951161 0.0250878 0.0236726 -0.0280042 0.0603734 0.028101 0.063584 0.208398 0.0706422 0.302191 0.172267 0.560329 -0.00725701 0.611879 0.0716169 0.101744 -0.0178791 0.102416 0.0187992 -0.00452263 0.00492052 0.00461551 0.00502815 -0.0303197 0.057266 0.0303197 0.057266 -0.0244881 0.0480132 0.0277271 0.0520581 0.00149393 0.000437634 0.00222792 0.00136802
741.014 807.367 2.00888 -0.252239 1 0.000720816 0.00138856 0.00195381 0.00175119 0.0109209 -0.00372954 0.016797 0.0113405 0.0293257 0.00732685 0.033128 0.0115706 0.00440243 -0.00122267 0.00452918 0.0018539 -0.0131329 0.00823465 0.0260397 0.0179171 -0.039387 -0.107141 0.101905 0.142622 -0.174063 0.0203834 0.222891 0.111855 0.0109618 -0.00142243 0.0578281 0.0190072 0.0590962 0.00394151 0.0590962 0.00780342 0.304096 -0.113776 0.343129 0.185076 0.429137 0.0374626 0.579562 0.170976 -0.0132036 -0.0374442 0.0448205 0.0380319 -0.00262504 -0.00156413 0.00272479 0.00233607 -0.0559256 -0.0310663 0.0559256 0.0310663 -0.102432 -0.0511191 0.10272 0.0520339 -0.0175441 -0.00816995 0.0177773 0.00870548
773.71 474.878 3.5538 -0.0287117 -1 0.00255307 -0.00309162 0.00321649 0.0045437 -0.000117918 -0.00430514 0.0160145 0.0154107 -0.00196071 -0.00640512 0.0182973 0.0146795 0.00319384 -1.93574e-06 0.00414457 0.00190471 -0.0109889 0.020752 0.0146828 0.0316727 0.281474 0.0161247 0.348204 0.0691869 0.423902 -0.0811675 0.485559 0.0842752 0.0790773 0.0288402 0.0844069 0.0317888 -0.0295747 0.0455114 0.0303532 0.046343 -0.201063 0.304529 0.21834 0.304529 0.00464857 0.0531786 0.167727 0.0954455 0.00874865 -0.000929224 0.0380375 0.0197222 0.00457165 -0.00430271 0.00535767 0.0043516 -0.0546234 0.0476971 0.0600704 0.0557141 -0.0720549 0.0364785 0.0720549 0.0367282 -0.0132675 -0.00650985 0.0132675 0.00651049
1228.17 252.872 2.01098 -1.57176 -1 -0.000324293 0.000598437 0.000662801 0.00132151 0.00527716 -0.00516341 0.00741879 0.00696122 0.0143392 0.0016838 0.0157647 0.0144377 0.00131821 -0.00239263 0.00169377 0.00340662 0.0348837 -0.0166712 0.0355867 0.0178727 0.313908 0.0275142 0.35692 0.0744025 0.238558 -0.000504507 0.256844 0.135969 0.0297693 -0.00784819 0.0399354 0.0155285 -0.0255435 -0.00273219 0.0318417 0.0137769 -0.22124 0.0798727 0.41807 0.133117 -0.131249 -0.0297324 0.556117 0.137755 0.0046858 0.00729442 0.12461 0.0165379 -0.00602882 0.00148677 0.0060718 0.00159044 -0.0460206 0.00407845 0.0460959 0.00944778 -0.0378855 -0.0103375 0.0390142 0.0137825 -0.00661943 0.000764504 0.00696206 0.0014539
748.853 539.106 2.72549 -0.00141691 -1 -0.00139271 0.000879025 0.00197315 0.0010005 -0.00269208 -0.00225383 0.00515703 0.00470855 0.00227774 0.00263721 0.00916762 0.00621777 -2.4877e-05 0.00183022 0.00208237 0.0021636 0.0163065 0.00507893 0.0164602 0.00774864 0.324403 0.0825193 0.324403 0.0841432 0.273217 -0.0657798 0.305157 0.0948574 -0.00743707 -0.00538897 0.0775409 0.0159084 0.0343681 0.0241587 0.034887 0.0252259 -0.117397 -0.0955462 0.237891 0.143877 -0.321535 -0.308866 0.37848 0.348149 -0.0169168 -0.00745421 0.0730787 0.0307636 -0.00575698 -0.00633964 0.00587911 0.00652182 -0.0413835 -0.0266108 0.0586265 0.0390475 0.0342924 0.0151295 0.0568727 0.0372424 -0.0050887 -0.00228502 0.0063465 0.00585289
795.098 656.356 3.60432 3.11938 -1 -0.00121998 -0.000604923 0.00205967 0.00110057 -0.00235061 0.00182128 0.0121188 0.00663945 -0.00316918 -0.00110078 0.0089616 0.00679191 0.00131426 -0.00101785 0.00208384 0.00111141 0.0441411 -0.00135044 0.0447917 0.0096855 0.363943 0.0180541 0.363943 0.0357516 0.415238 -0.00299474 0.425427 0.0563181 0.0576886 0.00169464 0.0576886 0.00725226 -0.0339426 0.00639319 0.0444016 0.00749736 -0.280719 0.00771247 0.326619 0.0322058 -0.27535 -0.0481815 0.284486 0.0734206 -0.0389016 -0.0154097 0.0463682 0.0166755 -0.00301345 0.000125651 0.00317908 0.000411796 -0.0307435 0.00217148 0.0333015 0.00320195 -0.0501686 0.00145396 0.050985 0.00440007 -0.00743331 -2.77529e-05 0.00753003 0.000747428
811.391 457.192 2.85731 -0.709466 -1 -0.00453332 0.000277368 0.00453332 0.00103163 -0.0467747 0.0044301 0.0467747 0.00689416 -0.0597133 -0.0130908 0.0597133 0.0155917 -0.00544405 -0.00226424 0.00544945 0.00231302 0.036457 0.00370209 0.038099 0.00754521 0.332094 0.0212256 0.371822 0.106401 0.30439 -0.106074 0.358877 0.157036 0.0107355 0.00362069 0.0131884 0.00692683 -0.00941563 0.0184905 0.0252229 0.0186471 0.0202346 0.018633 0.0718621 0.0742542 -0.185205 -0.424157 0.210838 0.428926 -0.00329137 -0.00527191 0.00471022 0.00563021 -0.0014671 0.00171443 0.00269208 0.00256204 -0.0404429 -0.0310542 0.0464818 0.0739792 -0.0133006 -0.0185199 0.0152986 0.0209328 0.000171978 -0.00111465 0.000790852 0.0011581
1274.29 241.184 6.51668 1.40095 -1 0.00224566 0.000115347 0.00229155 0.000831805 0.0134202 0.000441279 0.0141244 0.00335895 0.00493533 0.0025399 0.015873 0.00743109 -0.00284593 -0.00167735 0.00664108 0.00212634 0.0146195 0.00147048 0.029104 0.00428532 0.145907 -0.0218429 0.256754 0.0295677 0.167936 -0.0276132 0.24899 0.0366547 0.0284525 0.00143365 0.0378557 0.00440542 -0.0135938 0.00178369 0.0442495 0.0129455 -0.168152 0.0719093 0.594567 0.0856638 -0.116199 -0.0512572 0.61928 0.0853223 -0.0208402 -0.00543288 0.0972631 0.0177699 -0.000296671 -0.00112457 0.00140266 0.00214956 0.000997594 -0.00694707 0.0104434 0.0172792 0.000535376 0.00676595 0.0104954 0.0240791 0.000797581 0.000102374 0.00263009 0.00370131
781.277 533.396 2.64902 -2.72808 -1 6.01701e-05 -2.52572e-05 0.000219159 0.000133119 0.000970532 -0.000328957 0.0032117 0.00215812 0.00311953 0.000446647 0.00381797 0.00235403 0.000328914 -0.000347789 0.000581125 0.000411299 -0.000794674 0.000247116 0.00134956 0.00174947 0.048458 0.0135985 0.068238 0.0226 0.117029 -0.0129164 0.126254 0.0278333 0.00612129 0.00179451 0.00707869 0.00359372 0.0308538 0.014324 0.0514185 0.0177647 0.149728 0.0730392 0.566963 0.134946 0.104319 -0.174073 0.673854 0.196475 0.0589223 0.0132631 0.0681445 0.0380016 0.00185083 0.000545382 0.00962191 0.00260003 0.0670716 0.00661343 0.0718052 0.0126616 0.12065 0.0575999 0.12065 0.0577947 0.0166833 0.00788266 0.0173075 0.00810947
759.432 779.478 2.00837 -3.12918 -1 0.00231341 0.000524384 0.00266034 0.000970066 0.016159 0.00175579 0.0166609 0.00391404 0.0165232 0.0124306 0.0165232 0.0136283 0.000161247 -0.00165164 0.000886772 0.00168379 0.00430671 0.00341434 0.00810886 0.00666008 0.323556 0.0838318 0.326525 0.0987932 0.426743 -0.0632598 0.446654 0.137498 0.0277523 -0.00921317 0.0360382 0.00971059 0.0683306 0.0193634 0.0683306 0.0196259 0.292554 0.119232 0.292554 0.147031 0.152204 -0.151895 0.243191 0.157658 0.0752904 -0.0163827 0.0884205 0.0179886 0.00179796 0.000818722 0.00349308 0.000972862 0.00196585 -0.0184816 0.00975301 0.0185985 0.00641525 -0.0172988 0.0241705 0.0188962 0.00249756 -0.0012796 0.00381463 0.00235514
692.308 1106.59 2.0137 0.492702 1 -0.00239761 6.23993e-05 0.00242482 0.00130965 -0.000208257 -0.000966812 0.0232851 0.00744222 0.0159487 -0.00663516 0.0399119 0.0436863 0.00208283 -0.00230043 0.00244077 0.00311991 0.0302973 -0.00197845 0.0302973 0.0105022 0.109052 0.0124148 0.278927 0.137837 -0.0110758 0.0555255 0.480624 0.179511 0.0496247 -0.047227 0.0731528 0.0493319 -0.0187375 0.00756556 0.0404444 0.0109499 -0.00961717 -0.204094 0.394527 0.234455 0.1185 0.127685 0.462253 0.1785 -0.0118889 -0.0215448 0.0484963 0.0319066 -0.0103237 -0.0013516 0.0103249 0.0018354 -0.113006 0.0134608 0.11338 0.0166655 -0.147913 0.00690053 0.14793 0.0171805 -0.022799 -0.0020164 0.022799 0.00401075
741.411 783.273 13.8699 -3.13109 -1 -0.00263612 -0.000745069 0.002754 0.00153198 0.00180747 0.00579771 0.0101959 0.0113781 0.00511457 -0.000854853 0.0124381 0.00563824 0.000341954 -0.000662837 0.0016547 0.00191011 -0.00109754 0.0128225 0.0699851 0.017041 0.255954 -0.0125468 0.496496 0.161964 0.410009 -0.0419909 0.536684 0.131467 0.0248907 0.0470457 0.119833 0.0511894 0.0155779 0.00328652 0.0353279 0.00812775 -0.077602 0.0949092 0.220014 0.12294 -0.148358 -0.0132596 0.203177 0.112278 -0.00699553 -0.0295838 0.0303008 0.0358909 -0.000474538 0.00109845 0.00187451 0.00149443 0.00106155 0.00164019 0.0239535 0.0122937 -0.00482844 0.00336142 0.0234332 0.00807193 -0.00122772 -0.000320531 0.00415559 0.00226183
689.158 1086.57 2.05682 0.525741 1 0.00647686 -0.00242394 0.00719775 0.00359348 0.0575167 0.00208011 0.0585457 0.0250476 0.0512478 0.0237087 0.0512883 0.0383037 0.00411093 -0.00642242 0.00582473 0.00738307 -0.00363887 -0.0298803 0.0305325 0.0470608 0.005 -0.0656746 0.256535 0.238946 -0.249673 0.0156418 0.299809 0.0996711 -0.0056977 -0.0424309 0.0569286 0.055464 -0.0332997 -0.0223967 0.0401254 0.0246088 0.124512 -0.0173121 0.380726 0.295403 0.379585 0.0672351 0.485973 0.123792 0.0728802 0.0128628 0.0927186 0.0388864 0.000807111 -0.00222122 0.00307946 0.00289324 -0.000452202 0.0674111 0.0410945 0.06846 0.0239495 -0.00694352 0.0531717 0.0303441 -0.00349315 -0.00990461 0.0126617 0.0112673
780.077 898.9 2.04574 -2.96622 -1 -0.000643456 -0.000211327 0.00114393 0.00127074 0.0122875 0.00152603 0.0135787 0.00683843 0.000608611 -0.00359636 0.0109723 0.00766373 0.000122807 0.00179568 0.00108941 0.00201939 0.0135183 0.00457555 0.0188257 0.00691117 0.214553 0.0249962 0.228695 0.095009 0.497225 -0.0529507 0.510307 0.124297 0.0577238 -0.0279451 0.0587535 0.029509 0.00957225 -0.00293014 0.0193341 0.0136048 -0.0529885 0.248842 0.231452 0.251294 -0.174975 0.00255935 0.335534 0.140569 0.0264642 -0.0194826 0.0648833 0.0302348 -0.00233897 -0.000325658 0.00435727 0.00128639 -0.0318036 0.00700155 0.0363012 0.0107854 -0.0347961 0.0079207 0.0347961 0.00812778 -0.00763002 0.00306461 0.00763002 0.00307683
769.894 483.834 2.04414 -0.187645 -1 0.00245946 -0.000901899 0.0029316 0.0010403 -0.00923025 -0.00888022 0.020799 0.016902 -0.00111012 -0.00208137 0.0120689 0.0153784 -0.00170418 0.00100694 0.00364636 0.00105335 0.00370275 -0.000331212 0.0198644 0.00831392 0.301216 0.0255971 0.336045 0.066507 0.375097 -0.0754063 0.386174 0.104734 0.0833584 0.0557829 0.084473 0.0568497 0.0542592 0.0176892 0.0599976 0.0183749 0.281951 0.0134877 0.282156 0.0529171 0.371091 0.0186315 0.37781 0.0772602 0.0469085 0.0244748 0.0472126 0.0253442 -0.00448779 0.00677671 0.0045144 0.00678904 -0.00874063 0.0063537 0.0144994 0.0121385 -0.000751568 0.00389897 0.0120719 0.00730918 -0.000974973 0.000946199 0.00308082 0.00406248
781.305 470.178 5.36733 2.34809 -1 0.000277945 0.000525711 0.000320625 0.000612537 0.00719931 0.0209261 0.0136674 0.0248683 -0.000690729 -0.0261631 0.0312723 0.0270198 -0.000720912 -0.00175002 0.00194179 0.0025429 0.00385473 0.00373752 0.00890834 0.00709538 0.203991 0.0897751 0.409901 0.118949 0.281583 -0.0638694 0.46921 0.0873641 0.0440504 -0.0107391 0.0594825 0.0187103 0.011405 0.0634097 0.0233918 0.0634097 0.110185 0.01964 0.245633 0.155273 -0.148287 -0.257617 0.368687 0.312808 0.00999955 -0.00480202 0.0646458 0.0341616 -0.00154785 0.0074972 0.00452748 0.00853661 -0.0218619 -0.0425451 0.0262482 0.095176 -0.00590111 0.0157146 0.0202676 0.0310592 0.00207643 0.00191872 0.00532452 0.0045969
785.368 512.289 1.97775 -1.97406 1 -0.000551108 0.000169729 0.00231148 0.001708 0.00971424 -0.0172928 0.00978794 0.0173497 0.000865742 0.000252978 0.00244275 0.00216235 0.000124303 -0.000363604 0.000264504 0.000453919 0.0140658 -0.00619854 0.0319109 0.0151542 -0.0085809 -0.0469072 0.0882362 0.0715665 0.0474732 -0.0149737 0.0598679 0.0357324 0.00183941 -0.00209088 0.00344599 0.00378096 0.0309446 -0.00846012 0.0310138 0.00887195 0.449631 -0.202368 0.450611 0.202509 0.466966 0.0859853 0.466966 0.174071 0.0683297 -0.0264383 0.0683329 0.0273724 -0.00191508 0.00099982 0.00203226 0.00125334 0.00172303 0.00270194 0.00781361 0.00421417 0.0193333 -0.0124543 0.0203816 0.0145347 0.00352672 -0.00349182 0.00354208 0.00349182
744.792 827.333 2.00122 -2.63171 -1 0.000361299 0.000324453 0.000990195 0.000820082 0.00391421 -0.00541342 0.00492635 0.00655795 0.000983028 -4.68587e-05 0.0032291 0.00653641 0.000429244 0.000144568 0.00107485 0.000626825 0.0239862 -0.0309789 0.0260301 0.0319447 0.191773 0.0613938 0.217878 0.185678 0.485921 -0.0645235 0.495524 0.0931237 0.0732572 -0.0201289 0.0742328 0.0204896 -0.00481206 -0.00778402 0.0288367 0.0135923 0.167567 0.142821 0.283352 0.334221 -0.100646 0.0928529 0.242369 0.172247 0.0250739 0.0125029 0.0690042 0.0237021 -0.000494271 -0.000236167 0.00198339 0.00110795 -0.035859 0.0256767 0.0415821 0.0352231 0.0446746 -0.0119985 0.062461 0.0429546 -0.00307852 -0.00270061 0.0114854 0.0104482
442.199 1066.54 5.16364 -2.87647 1 0.000606297 0.00029301 0.001802 0.00109297 -0.000980499 0.000524788 0.0097337 0.0077723 0.00342608 0.0040274 0.0108541 0.013346 -0.000860303 0.00661501 0.00326789 0.0107311 -0.00682585 -0.013476 0.014822 0.0300636 -0.0810412 0.0079416 0.199766 0.129852 -0.00396612 0.156482 0.184466 0.193073 -0.00877994 -0.0163299 0.0305359 0.0299882 0.0226671 -0.0023115 0.0386991 0.0169713 0.253031 -0.0851198 0.459013 0.261702 0.270256 0.173975 0.549334 0.243579 0.0307452 -0.0282318 0.0536626 0.0757254 -0.00026691 -0.000544615 0.0091478 0.00305655 0.0457413 0.0133123 0.0548093 0.0260023 0.0116013 0.0136465 0.0285737 0.0396147 -0.00488165 -0.0106397 0.00916516 0.0111741
889.108 275.691 2.05092 0.296391 -1 -0.000606944 0.000643883 0.000984305 0.000987596 -0.00541289 0.00130992 0.00593798 0.00315359 -0.00134887 -0.000560883 0.00969616 0.00691128 -5.96748e-05 0.000891376 0.00143142 0.00113978 0.00548756 0.00493423 0.00974541 0.00782643 0.211464 0.124975 0.218122 0.136042 0.344071 -0.0898452 0.402669 0.123508 0.0229443 0.00152532 0.0260875 0.0157458 -0.000698996 0.00173374 0.0196927 0.0191168 -0.233676 0.230049 0.31606 0.269885 -0.347672 -0.113068 0.351998 0.157804 -0.0355923 -0.00539472 0.0375393 0.0100578 -0.00176917 0.000710256 0.00374655 0.0016432 0.000194541 -0.00264963 0.0180582 0.0124808 -0.0042988 0.0075384 0.0225329 0.0206648 0.000629364 -0.00176007 0.00281655 0.00373347
703.45 417.459 2.89996 1.55941 1 0.000108661 0.000332451 0.000258832 0.000477272 0.0024782 -0.000454994 0.00348676 0.00506403 0.00090674 0.00375059 0.00422961 0.0114734 -0.000271538 0.00039297 0.00121119 0.00171706 0.00147787 -0.00395297 0.0107004 0.00436636 -0.111753 -0.0248596 0.182144 0.0464325 -0.233469 0.0709454 0.404735 0.0934722 -0.0261608 0.00231843 0.0722511 0.0178589 0.00427728 0.00808602 0.0450455 0.0144334 0.32878 0.0510758 0.428399 0.0728456 0.440485 -0.036589 0.448725 0.0476415 0.0513394 -0.0140072 0.084285 0.0219652 0.00911126 0.00144902 0.0104338 0.0021702 0.0134485 -0.00586255 0.0230075 0.0114508 0.0145723 -0.00246093 0.0160548 0.0062322 0.000607038 -0.00230848 0.0031811 0.00253559
701.162 1093.99 3.55749 -2.86653 -1 0.000246346 6.61643e-05 0.00064306 0.000422946 0.00562373 -0.00150453 0.00729891 0.00231515 0.00872838 0.00208873 0.0105923 0.00250995 0.000653245 0.00138947 0.00125466 0.00171635 0.0459109 0.0103891 0.0460258 0.0104425 0.451539 0.089321 0.453267 0.0899549 0.404598 -0.0680449 0.404598 0.107846 0.0470056 0.00342809 0.0473128 0.0106313 0.000712228 0.00721644 0.0331494 0.0175967 -0.128852 -0.0221551 0.224561 0.129877 -0.126663 -0.137112 0.236286 0.192764 0.0031524 0.0176721 0.0300662 0.0290046 -0.0034886 0.000739388 0.00367882 0.00248684 -0.0157648 0.0138295 0.0395802 0.0236151 -0.000528831 -0.00748446 0.0480502 0.0278577 -0.00521886 0.0024908 0.00629753 0.00743633
1280.51 249.454 1.99643 -1.77503 -1 0.000533942 7.28085e-05 0.00104273 0.00119732 0.015137 0.00441745 0.0162266 0.00682463 -0.00461986 -0.00712851 0.0103243 0.0099092 0.00238757 0.000204571 0.00262226 0.0017391 0.0210506 0.0152567 0.0270521 0.0184005 0.215443 0.0317082 0.277775 0.131895 0.271737 -0.0693318 0.280983 0.0943343 0.018649 0.00374801 0.0262808 0.0181559 0.0243856 0.017029 0.0346375 0.017695 0.174621 0.041639 0.303075 0.0810526 0.315964 -0.0590275 0.604633 0.187795 0.0787408 -0.0217642 0.121052 0.0253769 -0.00878233 -0.000232163 0.00879796 0.00067253 -0.0736439 0.00397604 0.0736798 0.0139995 -0.0893373 -0.0123422 0.0893373 0.0206523 -0.0171836 -0.000948029 0.0171867 0.00257928
774.994 422.469 13.3076 1.88046 1 -0.000275655 0.000121944 0.000731377 0.00117184 0.000278557 0.00138359 0.00435237 0.00707264 -0.00581936 -0.00681723 0.00925964 0.0144186 0.000664578 -0.000252693 0.000972823 0.00108459 -0.0059021 0.0128177 0.00917837 0.0184814 -0.0119918 -0.0206615 0.0481468 0.0668082 0.00495611 -0.0170598 0.0322738 0.0928772 0.0013098 -0.00105079 0.0111475 0.00858567 -0.00253757 0.00170961 0.00873554 0.0114749 0.181247 0.0237305 0.496713 0.440343 0.264134 0.0394632 0.581665 0.224183 0.0187491 -0.0104931 0.1016 0.0448674 -0.000188178 -0.00261925 0.00139324 0.00330703 -0.0440641 0.0212342 0.0594033 0.142431 -0.0367377 -0.0171641 0.0469743 0.0658049 0.000164545 -0.00137959 0.00198424 0.00217838
752.552 564.39 3.60219 -3.01334 1 0.00175745 -0.000734117 0.00176125 0.000857669 0.00681983 -0.00377368 0.00745648 0.00417926 0.000486539 0.000382801 0.00276156 0.00161667 0.00425316 0.00235425 0.00457559 0.0024999 0.0124201 -0.00795226 0.0196265 0.00933036 0.0077162 0.000444405 0.0755258 0.0451619 -0.0207431 0.127265 0.275817 0.26889 0.00703934 0.021767 0.0825778 0.0409117 0.00461894 -0.00595323 0.00994189 0.00760006 0.176949 -0.0304053 0.245203 0.0892689 0.281222 0.112176 0.745746 0.173083 0.0399199 0.0906758 0.134072 0.0923404 -0.00291071 0.000441824 0.00416847 0.000944403 -0.0155268 -0.00543613 0.0223269 0.00776681 -0.015815 -0.00190958 0.0317664 0.0201941 -0.00754753 -0.000826345 0.00859789 0.00113916
711.514 1041.41 2.0017 3.1281 1 -0.000690695 0.00364178 0.00250217 0.00376107 -0.00320473 0.0100968 0.0194802 0.0116519 -0.0118536 0.000719551 0.0295247 0.00411616 -0.00320521 -0.00162672 0.00503881 0.00175972 0.0100245 -0.00766575 0.0146665 0.0269754 0.122602 0.0936435 0.205033 0.138887 -0.108306 -0.00820481 0.193665 0.0743233 0.0129591 -0.0164732 0.0470039 0.03834 0.027427 0.0443105 0.0283849 0.0595952 0.189436 -0.148331 0.239429 0.260178 0.350855 0.0469826 0.623687 0.314205 -0.0200801 -0.0545896 0.0714656 0.0675367 0.000259913 0.00394186 0.00485373 0.00599162 -0.0250199 -0.00830639 0.048107 0.0345645 -0.0950924 -0.0825568 0.098926 0.0830008 -0.00795472 -0.00347566 0.0112105 0.0052631
803.014 681.591 2.73349 3.04194 1 0.000831956 0.00013723 0.00102939 0.000420833 -0.00662207 0.00428763 0.0161948 0.00836012 -0.00939213 -0.00715217 0.0190833 0.0154336 -0.00139484 -0.000283805 0.00214146 0.00254951 0.016272 -0.00100199 0.0229905 0.00725434 0.258018 0.0209234 0.333756 0.0782163 0.156196 0.0403738 0.171309 0.0840959 0.0375997 0.00303144 0.0405418 0.00881478 0.0293041 0.0132989 0.068108 0.0168692 0.182357 -0.158657 0.428155 0.211183 0.36267 0.0500599 0.535471 0.0670275 0.0452138 0.00876955 0.0867139 0.0125654 -0.00383421 -2.16203e-05 0.00414849 0.00130028 -0.0555433 0.00777173 0.0567825 0.0095783 -0.0816774 0.00306887 0.0833126 0.0118124 -0.0116746 -0.00147636 0.0116746 0.00168532
711.873 1237.38 2.86254 2.80619 1 -0.000125558 -6.71672e-05 0.0014923 0.00132797 -0.00348995 0.00430549 0.00879053 0.0135029 0.000757876 0.00814763 0.0114076 0.0145338 0.00591001 0.00553098 0.00638799 0.00609199 0.0159283 0.00278704 0.0161867 0.00771908 0.0821995 0.00226762 0.0826806 0.0517613 0.104486 0.190319 0.135747 0.198397 -0.0177469 -0.0178119 0.0251897 0.024068 0.0310229 -0.0110727 0.0887805 0.022915 0.387317 -0.11318 0.626969 0.246523 0.184733 0.12022 0.256838 0.294005 0.0129842 -0.0101255 0.0490174 0.0249191 -0.00696148 0.00423972 0.0069746 0.00426915 -0.103382 0.0135985 0.103596 0.0245031 -0.1037 -0.0155683 0.104176 0.0197453 -0.0152193 -0.0025667 0.0153739 0.00333427
591.949 444.932 3.60848 -1.61299 -1 -0.000342647 -0.00171882 0.00110719 0.00193357 -0.00236915 0.00163175 0.00733964 0.0109217 0.00243077 0.00142487 0.00678691 0.00634315 -0.00052109 -0.000472165 0.00231208 0.00136442 0.0245078 -0.00437088 0.0376817 0.0133455 0.313979 0.0746717 0.382029 0.0799642 0.309809 -0.0845491 0.455154 0.119711 -0.0163319 0.00983822 0.0270638 0.0198931 -0.0102728 0.00744392 0.0463197 0.011547 -0.124905 0.142029 0.330651 0.148417 0.197364 -0.0391247 0.327749 0.203971 0.0636448 -0.0996201 0.0682941 0.113769 -0.000683593 0.00123996 0.00186004 0.00262311 -0.0130185 0.0103981 0.0149533 0.0192181 -0.0968584 0.0419237 0.0971432 0.0480974 -0.00648426 -0.00520851 0.0175763 0.00797154
707.167 1031.75 1.99653 0.668611 -1 -0.000765843 -0.000412984 0.00144556 0.000625323 0.00338888 -0.00978561 0.0111715 0.0162965 0.0203428 -0.00119042 0.0286309 0.011601 0.00242457 0.001928 0.00352068 0.00247685 0.0192647 -0.00339087 0.0201418 0.00748762 0.18544 0.109763 0.193603 0.151005 0.38047 -0.0687701 0.40782 0.163499 0.0783542 0.00923888 0.0843719 0.0241583 0.0109969 -0.0125984 0.0239127 0.0156171 0.0680228 0.1409 0.30568 0.190508 -0.138104 0.115756 0.548121 0.191861 0.0334245 0.0161382 0.0613452 0.0268772 0.00315277 -0.000499435 0.00421462 0.00142226 0.00507283 -0.00250943 0.0182679 0.017565 0.0159183 0.00328326 0.0389009 0.020082 0.000201107 0.00840263 0.0103051 0.0109431
693.541 1305.29 2.79045 2.90425 -1 -9.32789e-05 -9.68248e-05 0.00060578 0.000410947 -0.00146737 -0.000804786 0.00595319 0.00403294 5.75672e-05 0.00207584 0.00513614 0.00402657 -0.000347374 0.000436475 0.00125292 0.00111794 0.0225576 -1.91358e-05 0.02343 0.00499641 0.213584 0.0267825 0.223749 0.0545942 0.21801 0.00341871 0.224595 0.0427227 0.00177321 0.00249402 0.0115706 0.00551038 0.0151845 -0.00733382 0.0565013 0.0193203 0.115797 0.0480936 0.454355 0.166565 0.223066 -0.166391 0.578166 0.333362 0.0772203 0.00921109 0.116416 0.0209769 -0.00162867 0.000135735 0.00273504 0.00162397 0.0100583 0.0144878 0.0224902 0.0295092 0.00377145 0.00386185 0.0234443 0.0220197 -0.00193262 0.000784568 0.00401966 0.00457483
613.007 433.182 1.91129 -2.63447 1 -0.000972618 -0.00121615 0.00108336 0.00126757 -0.00552264 0.0127499 0.00681247 0.0137532 -0.0309996 0.00331069 0.031919 0.0161562 -0.00459224 -0.00212545 0.00463178 0.0024903 0.00427528 0.00424797 0.00763712 0.00560426 0.108792 -0.0252071 0.131874 0.0461973 0.0134597 0.00156754 0.110875 0.0609173 0.0545277 0.0370304 0.0564469 0.0395508 0.0438046 0.0193323 0.0438364 0.0193323 0.299059 -0.0829406 0.299405 0.124683 0.503586 0.148943 0.595328 0.280103 -0.0205256 -0.0511208 0.0700708 0.0704564 0.000502885 0.00125077 0.000703976 0.00125077 0.00291793 0.00422601 0.0168266 0.0146547 -0.0524207 -0.0550815 0.0528441 0.0553909 -0.0011019 -0.00302552 0.00250011 0.00351228
751.18 516.929 7.18804 0.429579 -1 -0.000108891 0.00142936 0.00155117 0.00450982 0.0096241 -0.00982928 0.0108608 0.012069 -0.00420044 -0.00282648 0.00565891 0.00509344 -6.8725e-05 -0.000568987 0.000501606 0.000663216 0.0062137 -0.00188123 0.0187951 0.021394 -0.0296887 -0.0717673 0.169858 0.0997476 0.0933008 -0.0176799 0.156536 0.0528727 0.00284966 0.00431224 0.00912087 0.00529002 0.00473908 0.0187931 0.0356497 0.0393099 0.12407 -0.0620956 0.589887 0.250057 0.0306976 -0.150802 0.636889 0.190738 -0.0056254 -0.0146191 0.0660581 0.0374094 -0.00840587 0.00328671 0.00899026 0.00394045 -0.0459996 -0.00300562 0.0468724 0.0208657 -0.0606384 -0.00305188 0.0620611 0.0127975 -0.00259541 0.00166914 0.00334256 0.00175
627.02 438.461 2.06328 0.051937 -1 -0.00288118 0.00107305 0.00604537 0.0108291 -0.0722178 -0.0363978 0.0723064 0.0431574 -0.0463167 -0.0149309 0.0482383 0.0193966 0.00164194 0.00284469 0.00233092 0.00338171 -0.0423527 -0.0586981 0.0436459 0.0757725 0.234605 0.159353 0.280849 0.266871 0.326906 -0.164652 0.336294 0.177571 0.0106041 0.0230771 0.0256718 0.0415935 -0.00666535 -0.028926 0.0191788 0.0322083 0.175033 0.304676 0.192953 0.327759 0.212659 -0.0764819 0.294195 0.142772 0.0357556 -0.0570213 0.069133 0.0596403 2.22499e-05 -0.00433739 0.00126776 0.00625087 0.0156972 0.0569428 0.0177052 0.0580861 -0.00729637 -0.0492327 0.0411819 0.0556356 -0.00743827 -0.00820698 0.00799274 0.00912652
756.428 740.493 3.5945 3.02785 1 0.00116285 0.000134174 0.00210193 0.000781945 0.00456679 0.00704868 0.00778878 0.00736376 0.00130386 -0.000629156 0.00681815 0.0078693 -0.00184344 0.00158279 0.0029446 0.00177144 0.012976 -0.00199148 0.0157708 0.00432421 0.0322785 -0.00177754 0.0422437 0.0200078 0.00550518 0.0222685 0.0320184 0.0291587 0.0399856 0.014406 0.0428676 0.0158975 0.0497553 -0.00839161 0.0550472 0.00953867 0.42146 -0.13924 0.428364 0.144137 0.452143 0.0995084 0.571799 0.178642 0.0377058 0.0110036 0.0538646 0.0228116 -0.00371527 0.000300545 0.00380342 0.00172819 -0.0261952 -0.0138488 0.0333742 0.0157733 0.00800039 -0.00639967 0.0428561 0.0174205 -0.00482193 -0.000613966 0.00550794 0.00445543
716.395 1006.58 2.04195 -0.0788988 1 -0.000211904 1.61473e-05 0.00117407 0.000889336 0.0130669 0.011869 0.0151644 0.0125891 0.00306865 -0.00659674 0.0275372 0.0105987 0.000828982 0.00193263 0.00404728 0.00235637 -0.00352303 0.00435679 0.0215542 0.00846996 -0.0554972 0.0303066 0.152829 0.0714535 0.0447671 0.00820514 0.11149 0.10209 0.0325411 0.0217764 0.0434519 0.0231091 0.0715495 0.0412958 0.0724805 0.0412958 0.467414 -0.175527 0.531263 0.321441 0.30823 0.107373 0.363039 0.175763 0.0207387 -0.00131788 0.0243369 0.0164064 -0.00359487 -0.00301161 0.00705023 0.0060488 -0.0498757 -0.0510319 0.0616124 0.0518107 -0.0264787 0.0158743 0.0604691 0.0309476 8.16141e-05 0.000214325 0.00628421 0.00138405
705.812 451.923 2.20616 -1.63076 1 -0.000147439 0.000414743 0.000702627 0.00115913 -0.00368234 -0.000768707 0.0110516 0.0062281 -0.0129951 -0.0034011 0.0150455 0.0154571 0.00196366 0.0117218 0.00300201 0.0119013 0.00180314 -0.0029402 0.00654121 0.0105919 0.0748118 -0.0126231 0.117799 0.0766148 0.0548924 0.266793 0.426057 0.369082 0.00690798 0.0390911 0.103515 0.0836999 0.0375297 0.00784703 0.0379325 0.0142302 0.322108 -0.0221997 0.365295 0.0802682 0.233834 0.0818493 0.453955 0.160298 0.00513194 0.00662784 0.141296 0.0203141 -0.00192499 0.0036833 0.00260827 0.00369457 -0.0069599 -0.00381747 0.0100555 0.0112668 -0.00468376 0.00386033 0.0173296 0.0204202 0.00194231 0.000441982 0.00681122 0.0033434
702.006 1224.33 6.75596 0.092007 -1 -0.00310598 -0.00170902 0.0108074 0.00457184 -0.0544274 -0.0131345 0.0826996 0.0144866 -0.0126509 -0.00506719 0.0272896 0.0200907 -0.00170646 -0.000682353 0.00320038 0.00220932 -0.0073937 -0.00192903 0.0282194 0.0114623 0.126647 0.0662502 0.229566 0.0860122 0.19082 -0.06238 0.422674 0.138665 -0.028793 0.0134094 0.0505803 0.0193304 -0.00472809 0.00202443 0.02161 0.00630879 -0.0462778 0.120017 0.267231 0.229916 -0.245115 0.00398054 0.578119 0.312985 0.038593 -0.0397545 0.119314 0.0903518 -0.000249384 0.000486917 0.00271369 0.00196144 -0.0338918 -0.0167102 0.0430494 0.0319796 0.00189135 0.000430726 0.0298509 0.012834 -0.00697096 0.00104606 0.011656 0.00365107
670.544 419.285 2.77096 -1.90469 -1 0.00207194 0.00196851 0.00242155 0.00198059 0.0118376 0.00760154 0.0176206 0.00769217 0.00315042 0.00653117 0.0112757 0.00719691 -0.0036032 -0.00120204 0.00372625 0.00144422 -0.0237673 -0.0139116 0.0303169 0.0159529 -0.0236651 0.00723995 0.398116 0.0518159 -0.110426 -0.0191738 0.419096 0.045122 -0.0147189 0.00200029 0.0636406 0.0109267 0.0291393 0.0266845 0.0439511 0.0285532 0.106275 0.070177 0.476453 0.116899 0.135125 -0.189903 0.526011 0.205312 0.0183869 -0.000171238 0.0661943 0.0222893 -0.00129285 0.00338163 0.00155024 0.00407387 -0.00912627 -0.00258623 0.0145284 0.0215379 -0.000840821 0.00474014 0.010929 0.0131285 0.00463035 -0.0039079 0.00530479 0.00646174
721.309 442.132 5.16804 1.72766 -1 -2.57162e-06 0.000295765 0.000494726 0.000715662 0.00435543 0.00110163 0.0060297 0.00424345 0.00642868 -0.00276787 0.00656851 0.00420142 0.00260969 0.000742017 0.00271331 0.0015382 0.0298692 0.0120405 0.0368938 0.0129966 0.330169 0.0712476 0.418981 0.0846288 0.289725 -0.0309244 0.387315 0.0685261 0.0430243 -0.0116353 0.0732578 0.022708 -0.00287619 -0.00677063 0.0240151 0.0180719 -0.134801 0.0487369 0.352853 0.103814 -0.259567 -0.07241 0.437963 0.157571 -0.0385672 -0.00728569 0.045453 0.0145391 -0.0020322 0.00171248 0.00254534 0.00438553 -0.0181853 -0.0180013 0.0210869 0.0337783 0.00594807 -0.0147428 0.0103959 0.0214749 -2.90456e-05 -0.000773966 0.000861319 0.00130166
676.167 1180.09 3.55672 -2.76021 1 -0.00232357 -0.000256452 0.00268244 0.000894841 -0.020041 0.00474812 0.0248912 0.00763487 -0.0142615 0.000577101 0.0220924 0.00634567 -0.00262625 -0.000952912 0.00376798 0.00150975 0.00268091 -0.0010952 0.00326743 0.00162682 0.00264608 -0.00366252 0.0184367 0.00991532 0.0119427 -0.00412951 0.04739 0.0169667 0.00199415 0.000431481 0.00492123 0.00302378 0.0339183 -0.00422826 0.0579385 0.0190314 0.372965 -0.00988648 0.466077 0.0875827 0.52278 0.0130646 0.531953 0.179614 0.0830935 0.0332828 0.0866094 0.0364048 -0.00159205 0.000967149 0.00239622 0.00136797 -0.0393104 0.0344125 0.0428499 0.0444885 -0.0688763 -0.0212611 0.0730496 0.0553369 -0.00745626 0.00771991 0.00745626 0.00807874
665.63 1102.92 19.4613 -2.83495 -1 0.00123096 -0.000885373 0.00223463 0.00150886 -0.000460842 0.0147696 0.0137122 0.0156711 -0.00489718 -0.0180209 0.0164383 0.0208671 0.000124085 0.000279298 0.00159743 0.00154183 0.0125459 0.00120796 0.0332683 0.0165462 0.265352 0.0487623 0.355692 0.107328 0.333138 -0.0110578 0.604113 0.120326 0.0204869 -0.0126526 0.117679 0.0368697 -0.00515835 -0.00116049 0.0157854 0.0162075 -0.111321 0.0780884 0.270624 0.130433 -0.189915 -0.133776 0.267208 0.197758 -0.0133478 -0.0087463 0.0236284 0.0159953 -0.00150211 0.00065576 0.00326395 0.00217901 -0.0261082 0.016384 0.0265579 0.0199825 -0.0111932 -0.0237534 0.0252303 0.036761 -0.000789291 -0.0015073 0.00356465 0.00227
726.597 1046.2 3.62491 -2.83094 -1 0.00122635 0.000518706 0.001831 0.000766607 0.0115171 0.00348587 0.0150731 0.010749 0.00280526 -0.000681782 0.00638986 0.00718197 -0.00187854 0.00105069 0.00367115 0.00211453 0.0181337 0.00179111 0.0278227 0.0120035 0.27373 0.0497249 0.291897 0.0849641 0.48573 -0.117185 0.502773 0.128771 0.0425568 -0.0117208 0.044609 0.0126961 0.0304277 0.00538486 0.0308133 0.0160058 0.163003 0.111616 0.244336 0.300347 0.0294645 0.00102813 0.269622 0.10749 0.0541388 -0.00810617 0.0885103 0.0210716 -0.00109008 0.00110094 0.00433006 0.00325678 0.00369836 -0.00476305 0.0462888 0.0459404 0.0205811 -0.0348974 0.0983804 0.0426143 -0.00998737 -0.0027789 0.0103587 0.00419217
752.742 440.346 5.41135 1.97888 -1 0.000184509 -2.31057e-05 0.000745854 0.00111365 0.00135435 -0.00503727 0.00566767 0.00931352 0.00237398 0.00380583 0.00618044 0.00804633 0.000644753 0.000427998 0.00119209 0.000982895 -0.0129042 -0.0164241 0.0315767 0.017346 -0.0155234 0.00626883 0.10626 0.0552066 0.00134146 0.0741629 0.170404 0.0762356 -0.0187385 0.00988001 0.0321758 0.0166032 0.0496378 0.0103424 0.0519608 0.0143961 0.251691 -0.0366969 0.404718 0.130654 0.278875 -0.00418277 0.754408 0.138833 0.0645499 -0.0115635 0.118855 0.0265592 -0.00404941 -0.00709835 0.00463188 0.00750116 -0.0109231 0.0150256 0.0190724 0.0376972 0.0146254 -0.00600614 0.0371802 0.0273487 -0.00493764 -0.00482962 0.0111786 0.00811477
677.591 1087.68 3.68021 0.50819 -1 0.000559334 0.00121466 0.00136135 0.00229938 0.00160509 -0.00846786 0.0118072 0.0233559 0.0170435 0.012169 0.0368166 0.0421562 -0.00192052 -0.0036808 0.00498225 0.00779078 0.0297256 0.0024105 0.0319744 0.0185988 0.227129 0.0901203 0.415161 0.306398 0.136647 -0.105134 0.302027 0.188565 0.01745 -0.0272951 0.0435895 0.0418758 -0.00043309 -5.05201e-05 0.0221551 0.0244436 0.0399319 -0.0197199 0.332177 0.159147 0.215891 -0.100584 0.449627 0.272909 0.0546536 -0.0444377 0.0590513 0.0698198 -0.0018239 -0.000605954 0.00520404 0.0024981 0.0122959 0.0379411 0.0721453 0.0444288 -0.021737 0.0016455 0.0934753 0.0477517 0.00537653 -0.00820637 0.0148764 0.00974198
162.918 316.203 6.73456 2.0469 1 -0.000263144 -0.000411878 0.000665619 0.000876081 -0.00070145 -0.00580261 0.00733766 0.00956427 0.0130741 0.0118855 0.023633 0.0265291 -0.00113065 -0.00114851 0.00167311 0.0017561 0.00613691 0.00141877 0.0145292 0.0125528 0.0143428 -0.00505562 0.160406 0.172574 -0.073178 0.0470765 0.169878 0.18278 0.00132807 -0.000222861 0.022152 0.0189161 0.00369834 0.00364114 0.060675 0.0115536 0.134277 0.0328723 0.551799 0.115585 0.276499 0.0283705 0.638006 0.14212 0.0290604 -0.0188913 0.0721415 0.037758 -0.00465194 -0.00139281 0.00521315 0.00389288 -0.032683 0.00753275 0.0379567 0.0191906 -0.0827632 0.0138154 0.0844585 0.0242051 -0.0130165 0.000187146 0.017752 0.00439553
762.961 556.442 2.75326 -2.5636 -1 -0.000394319 -0.000468827 0.00109354 0.000636301 0.0019047 -0.00560531 0.00340248 0.00599716 -0.00206568 0.00249457 0.00539487 0.00302563 -6.59733e-05 0.00023172 0.000479015 0.000426651 0.00201754 0.00169836 0.00586391 0.00610501 0.0732777 -0.0104884 0.145654 0.121714 0.341832 -0.0305362 0.347588 0.111336 0.0692779 0.00187563 0.0719946 0.00835841 0.0304257 -0.0244736 0.0319836 0.0318998 0.0508373 0.229958 0.27966 0.33528 -0.197813 0.0261869 0.492909 0.164706 -0.0261312 0.00441628 0.128599 0.0176544 -0.00349069 0.00664472 0.00419379 0.00721098 0.100163 -0.0163718 0.161915 0.0593892 0.178556 0.052388 0.201447 0.0547194 0.0292547 -0.00300454 0.0292756 0.00520139
674.132 1112.55 3.65999 0.321637 1 -0.00111859 0.00237763 0.00308589 0.00265878 -0.00526319 -0.0237489 0.0253484 0.0308929 0.00550233 0.0140527 0.0182744 0.0231555 -0.00201975 -0.00273093 0.00545761 0.00406727 0.0255059 -0.00662263 0.0271796 0.0184062 0.084729 -0.160069 0.181342 0.192752 0.110441 0.128928 0.201519 0.214806 0.0374527 -0.00436581 0.0445562 0.023363 0.0102138 0.00513216 0.045709 0.0144584 0.34424 0.0369205 0.487563 0.201664 0.320047 0.00362882 0.390661 0.222483 0.056836 0.000707134 0.0782112 0.03371 -0.00559673 0.00146341 0.00969629 0.00288932 -0.0571031 -0.0175391 0.10903 0.0296719 -0.134493 -0.0328931 0.134493 0.0331261 -0.0309748 -0.00320611 0.0309811 0.00429674
1372.4 214.276 2.0131 1.61614 -1 -0.000438936 -0.000844002 0.00137536 0.0014036 -0.00167318 0.00092247 0.00632114 0.00546313 0.000399637 0.00531178 0.0136452 0.00871645 0.00129196 -0.00091727 0.0019515 0.0014764 0.0450802 -0.0106448 0.0450802 0.0181031 0.409093 0.051425 0.409093 0.111789 0.407763 -0.0696757 0.412416 0.123424 0.0625009 -0.00892612 0.0670015 0.0161094 -0.0121003 -0.00662457 0.0296224 0.0135571 -0.12664 0.0454069 0.340415 0.12481 -0.0569406 -0.0181742 0.293592 0.180591 -0.00294923 -0.00389101 0.0519479 0.0314811 -0.000370671 -0.00056338 0.00350064 0.0014868 0.00500678 0.00439022 0.0303907 0.0154167 -0.00409849 -0.00205348 0.0283308 0.0323008 -0.000534126 -0.003663 0.00708489 0.00471728
331.551 377.053 3.6268 -1.56231 -1 3.05464e-05 0.00059163 0.000493642 0.00089175 -0.00103488 -0.00420428 0.00366333 0.00441309 -0.00968333 -0.00271178 0.0182769 0.00869884 -0.00560642 0.000194135 0.00608607 0.00174676 0.0175282 -0.00144946 0.0375702 0.00705946 0.292953 0.0127758 0.416494 0.0529192 0.374172 -0.0255833 0.476042 0.0855707 0.0545643 -0.00202638 0.061179 0.00821851 -0.00075701 -0.000943993 0.0435444 0.00885134 -0.182497 -0.0138515 0.308877 0.0506792 -0.175719 -0.0559556 0.402072 0.133376 -0.0241521 -0.0149332 0.0507277 0.0354089 -0.00154541 -0.00228473 0.00343403 0.00366283 0.0114619 0.00480481 0.0231853 0.0117786 0.0132878 0.00641026 0.0275092 0.0222364 -0.00546447 -0.000476591 0.00594966 0.00391824
1315.64 1260.24 3.57212 -0.434051 -1 0.00017937 0.00168727 0.00385585 0.00324376 -0.0169959 -0.0204027 0.0275321 0.0348236 -0.0163919 0.0330985 0.0462343 0.0516585 0.00243205 -0.00525274 0.00510324 0.00595143 -0.0169789 -0.00499754 0.0226576 0.0303404 0.209379 -0.0523454 0.426767 0.218366 0.0577378 0.200869 0.312147 0.375471 -0.0198327 -0.0293141 0.0457368 0.0374133 -0.00525727 -0.00213612 0.0295273 0.0315912 -0.00872806 -0.0209842 0.221751 0.293362 -0.100429 -0.156716 0.314975 0.349439 -0.0460503 0.000255084 0.0951045 0.0633484 -5.32266e-05 -0.00253853 0.00422993 0.00345813 -0.0231162 0.0444298 0.0614025 0.0632418 0.000739738 -0.0406423 0.0434808 0.0575692 -0.00189808 -0.00420876 0.00516836 0.0059085
510.127 442.357 3.66281 2.28734 -1 -0.000661354 0.00116139 0.00143994 0.00209389 0.00627776 -0.00872604 0.00894118 0.0100096 0.00825469 -0.00286943 0.0121122 0.00851462 -0.00101159 -0.000504484 0.00244259 0.00160364 0.00585861 -0.00352616 0.0257346 0.0160484 0.026285 -0.00255794 0.215706 0.10533 0.0382711 0.0937075 0.23297 0.0995707 -0.0223241 0.00986163 0.0384467 0.019647 -0.00262321 0.00855756 0.0111383 0.015714 0.0777153 0.117364 0.374487 0.18088 0.224094 -0.0333246 0.730601 0.249923 0.0855801 -0.032525 0.098273 0.0418221 -0.000533531 0.00306898 0.00201782 0.00343075 0.00917184 0.00361548 0.0173141 0.0211171 -0.0163647 0.00556947 0.0226476 0.019532 -0.0159639 0.00408774 0.016091 0.00610875
675.887 1152.03 3.58678 -2.71218 -1 -0.000410861 -5.84295e-05 0.000490102 0.000178695 -0.00174572 1.45353e-05 0.00457098 0.00200843 -0.00070649 -0.000576001 0.00567157 0.00226825 1.93083e-05 -7.56048e-05 0.00127863 0.000898035 0.0434238 0.000743475 0.0434488 0.00850377 0.290756 0.0446081 0.290909 0.063081 0.517492 -0.0522466 0.519974 0.0753092 0.0783485 0.00360667 0.0783485 0.00861251 -0.0107285 0.00975094 0.0474167 0.0176497 -0.0329915 0.0832715 0.156077 0.306835 -0.16317 0.0356042 0.291313 0.112134 -0.00712993 -0.000937847 0.0421362 0.0207571 -0.00463347 0.0012558 0.00514296 0.00266849 -0.0225269 0.00325071 0.0238314 0.00807075 -0.0385758 0.00706212 0.0437328 0.015287 -0.0100348 -0.000369395 0.0109959 0.00327542
744.625 1007.42 6.69859 -3.01425 1 0.000533511 0.000391701 0.00163824 0.00115452 -0.00935773 -0.000704795 0.0142298 0.00772749 -0.00404047 0.00179346 0.00873434 0.0139995 0.000236678 0.000170532 0.00185491 0.000858427 0.00184907 -3.95407e-05 0.00652008 0.00483109 -0.030241 0.0406316 0.190602 0.0717399 -0.0549077 -0.0334891 0.185503 0.0478645 -0.00435243 -0.00449246 0.0155119 0.00995486 0.0414201 0.0105469 0.0440547 0.0169032 0.278847 -0.039547 0.437157 0.0518352 0.299616 0.0059515 0.702616 0.203798 0.0281657 -0.0207485 0.0764714 0.0229248 -0.00289001 -0.00228243 0.00889457 0.004594 -0.0254193 -0.0243599 0.031525 0.029191 -0.00669231 -0.016458 0.0189459 0.0190578 -0.000465821 2.61364e-05 0.00328144 0.00149566
706.055 429.261 2.69344 1.56808 -1 0.000693009 -0.000409462 0.000700833 0.000468869 -0.0134072 -0.00357979 0.0199628 0.00514387 -0.0423583 0.00590953 0.0538501 0.0114743 -0.00766336 0.000955089 0.010843 0.00160704 0.00423162 0.00882307 0.0275843 0.0134579 0.339744 0.0613838 0.442047 0.0823259 0.482728 -0.0234082 0.542066 0.0389193 0.0670006 -0.0148505 0.0910033 0.0184005 0.0666094 0.015848 0.0683609 0.0191685 0.157906 -0.0409344 0.197502 0.0728647 0.114793 0.000681974 0.115775 0.0453223 0.0320841 -0.0115119 0.0348149 0.0120893 -0.008331 -0.000342375 0.0100213 0.00300609 -0.0591636 -0.00527861 0.0775972 0.0142176 -0.057739 0.0115052 0.0628579 0.0136075 -0.010976 -0.00590106 0.0116613 0.00599666
490.405 404.502 10.1059 1.78837 1 -3.73327e-05 -0.000837454 0.000520384 0.00180357 -0.00156839 0.000781547 0.00895625 0.0162289 -0.00324941 0.00720856 0.00641611 0.00942382 -0.00189506 -0.00137086 0.00209072 0.00281783 0.000464091 0.00308042 0.0143135 0.024044 0.0250432 -0.0743615 0.0945797 0.151004 -0.00420379 0.0620354 0.0732828 0.122029 0.00966689 -0.00166888 0.0136268 0.0148599 0.00757264 0.00299853 0.0431961 0.0240134 0.065825 0.0690158 0.477633 0.212515 0.155823 -0.0493349 0.757368 0.176727 0.000957833 -0.0232218 0.116637 0.0429515 -0.00132915 -0.000846297 0.00189243 0.00324913 -0.0214022 -0.00189581 0.0244311 0.0250756 -0.0192772 -0.00306723 0.0316222 0.0234736 -0.00114107 -0.000946958 0.00200933 0.00508507
660.889 1224.38 1.95204 3.1048 -1 0.000854547 0.000191278 0.00102658 0.000776654 -0.000907869 0.000706418 0.0046936 0.00244342 -0.000413476 -0.00058073 0.00477574 0.00607151 -4.41286e-06 -0.00036603 0.000922008 0.000729615 0.016521 -0.020997 0.0272831 0.0222727 0.237186 -0.0374757 0.385072 0.0844349 0.511744 -0.0286728 0.512564 0.0980893 0.0827773 0.00343851 0.0829193 0.00783239 -0.00592932 -0.00570397 0.0233433 0.0167181 -0.0241362 0.159339 0.17673 0.221943 -0.167057 0.0672876 0.20046 0.190089 0.0134292 0.0211561 0.0777252 0.0277491 0.00521119 0.0019249 0.00569495 0.00246484 0.0482323 0.00356045 0.061844 0.0240816 -0.0330919 -0.0219212 0.0439394 0.0429222 -0.0113556 0.00354626 0.012625 0.0046606
774.473 1020.27 1.98459 -2.87101 1 -0.00167586 -0.00101131 0.0023303 0.00127294 -0.0124361 0.00174648 0.0150986 0.00718516 -0.0190829 0.00565695 0.0215106 0.0119551 -0.000519111 -0.00392657 0.00288895 0.00608325 -0.00744834 0.00294981 0.0117287 0.00432837 -0.00514008 -0.0523768 0.0726704 0.0813937 0.0282288 0.00432437 0.15877 0.0619762 0.0157743 -0.00088448 0.0362163 0.0154735 0.0217529 0.0235749 0.0240993 0.0252341 0.40144 -0.0357871 0.47311 0.206425 0.436906 0.120054 0.488323 0.2237 0.061855 -0.0267374 0.0670147 0.0270262 -0.00132567 0.00508019 0.00345662 0.00562808 -0.0661268 -0.000661408 0.0664869 0.013731 -0.0624522 -0.00256458 0.063301 0.00812011 -0.00965128 -0.00153793 0.0102297 0.00205963
702.455 1254.54 5.24499 -0.403306 -1 -3.9211e-05 -0.000355322 0.0010244 0.00177629 0.0144454 0.0022873 0.0188118 0.00886829 0.0102877 0.0104661 0.0172827 0.0150352 -0.00162935 0.000259494 0.00549146 0.00214129 -0.0100534 -0.0023307 0.0112886 0.0043167 -0.032511 -0.0404322 0.14252 0.0434702 -0.0544467 -0.03746 0.126165 0.0489353 -0.012135 -0.00222732 0.014534 0.00397433 0.0207535 0.0181818 0.0418331 0.0192121 0.0884989 0.0708618 0.467592 0.204694 0.0778209 -0.0492938 0.78386 0.18312 0.0141379 -0.029106 0.100389 0.031443 0.00127113 0.00283766 0.0024542 0.0050069 -0.0275922 -0.030237 0.0340123 0.0326377 -0.00947679 -0.00211581 0.0319703 0.0205141 0.00145441 0.000283716 0.00611872 0.00257319
708.032 1247.47 2.00656 2.85197 -1 0.00184408 -0.000150335 0.00184805 0.000594464 0.00862751 0.00196133 0.00908463 0.00661359 0.00361177 0.00103138 0.00648292 0.00457725 5.00445e-05 0.00131561 0.00136675 0.00140272 0.034635 -0.0120342 0.0355231 0.0121211 0.290936 0.055192 0.2975 0.106342 0.313538 -0.0573461 0.315278 0.087808 0.0177224 0.0236049 0.0183183 0.0246211 -0.0460519 0.0138293 0.0460519 0.019867 -0.259534 0.0144795 0.468953 0.133551 -0.158361 -0.218491 0.381523 0.252934 0.00027717 0.006502 0.0352202 0.0189574 -0.000304544 0.000640823 0.000539743 0.000751541 -0.0137885 0.00960338 0.0150302 0.010707 -0.0413521 0.0152651 0.0416941 0.016678 -0.00989992 -0.000531984 0.0101379 0.00160683
1271.42 1266.19 3.86724 -0.938292 1 0.000877377 0.00234772 0.00163903 0.00267192 0.000991148 -0.00783612 0.0253438 0.026938 -0.00851775 0.00744693 0.0392274 0.0241794 -0.00575444 -0.000654557 0.0065345 0.00285888 0.0136389 -0.0130619 0.0196921 0.0190272 -0.0543265 0.0811506 0.189796 0.157344 0.103622 0.0349441 0.287818 0.30899 0.030545 -0.0192394 0.0366898 0.0464573 -0.0128261 -0.00252279 0.0272604 0.0250583 0.272696 -0.0256067 0.437884 0.228161 0.03782 0.142187 0.460116 0.372759 -0.0358461 -0.000927601 0.0838292 0.0796377 -0.00121573 0.00442828 0.00353193 0.00767973 -0.0486433 0.00109805 0.0725509 0.0646142 -0.0194937 -0.0196289 0.0452555 0.0854113 0.00379983 -0.00307163 0.0120637 0.0147805
1316.59 1250.66 5.21382 -0.324269 -1 0.000615745 -0.000405229 0.00346926 0.0039438 2.86284e-05 0.00846392 0.0496034 0.0344649 0.000963895 -0.0051069 0.0377661 0.0675337 0.00880697 -0.00172776 0.00956671 0.0063868 0.00993924 0.000307239 0.026392 0.0221532 -0.0102128 0.0582351 0.259514 0.216312 0.154907 0.0499595 0.439945 0.341929 -0.0218425 -0.0301203 0.043344 0.0433678 -0.00465041 0.0303865 0.0369832 0.0374053 -0.10329 0.116947 0.254434 0.340592 -0.143761 -0.189045 0.352876 0.339611 -0.032533 0.0128803 0.0834754 0.0622432 0.00186473 0.0016474 0.00538053 0.00364163 -0.00488296 0.0115121 0.0406985 0.0519761 -0.00899847 -0.00785478 0.052377 0.0630301 0.010243 0.00627902 0.0137837 0.0109628
700.64 1079.02 2.82378 1.62266 1 0.000142401 0.00657959 0.00236145 0.00713549 0.00721248 0.0209383 0.0281112 0.0276131 -0.017094 -0.0289896 0.0406049 0.0411869 0.000117878 -0.00527976 0.00876485 0.00529428 -0.0195122 0.072355 0.0209012 0.0742218 -0.0527178 -0.00667813 0.121741 0.145153 -0.157682 0.130407 0.35773 0.280882 0.0263226 -0.0827848 0.0715314 0.082988 -0.0194504 0.072555 0.0194881 0.0727291 0.0630253 0.272408 0.19965 0.355361 0.238383 -0.072257 0.424325 0.33149 -0.0140434 0.0223658 0.0683234 0.0754638 -0.0011869 0.00653437 0.00147126 0.00666926 -0.0324321 0.135229 0.0445672 0.138234 0.0316304 -0.0735551 0.0492564 0.0800248 0.00131143 -0.000842805 0.00854881 0.0129781
122.298 324.391 3.60635 1.65424 -1 -0.000132262 1.80296e-05 0.00104991 0.00143894 0.00243473 0.00299662 0.0101891 0.00877444 0.00984433 -0.0031688 0.0189815 0.0126395 -0.00459921 -0.00133669 0.00550031 0.00200512 -0.00207343 0.0051568 0.0301837 0.0105562 0.233116 0.0999093 0.411835 0.13043 0.328722 -0.0523826 0.462043 0.103025 0.0625328 -3.47902e-05 0.0649629 0.00630939 0.0413792 0.0148855 0.0612631 0.0182772 -0.00127814 0.000728177 0.371276 0.10348 -0.163917 -0.130955 0.419421 0.145522 -0.0244822 -0.00788578 0.0719778 0.015998 -0.0037418 -0.00123038 0.00383053 0.00152275 -0.020058 -3.81794e-05 0.023266 0.0131012 -0.00428775 -0.00466733 0.0125079 0.0283852 0.000363126 -0.00509874 0.00313289 0.00878232
676.103 1273.3 2.07238 2.84562 -1 -0.000397631 -0.000279776 0.000643074 0.000679376 -0.00158192 -0.000305885 0.00503315 0.0033644 -0.00339952 -0.000188663 0.00621726 0.0056976 0.000197123 4.3764e-05 0.00139691 0.00129931 0.0553215 -0.000182212 0.0559175 0.0110669 0.227979 0.00321839 0.307887 0.158792 0.457327 -0.0576887 0.466525 0.135163 0.0814271 -0.00868874 0.0816761 0.0174724 -0.0266072 0.00418765 0.0276228 0.0152083 -0.100657 -0.0496494 0.163608 0.23532 -0.334248 -0.0330818 0.343744 0.129252 -0.0470546 0.0295869 0.0532134 0.0451769 -5.56901e-05 0.00245761 0.00137482 0.00347455 0.0193659 -0.0382096 0.0460968 0.0459322 -0.00177449 0.0142253 0.0214624 0.024191 -0.00173836 0.00124438 0.00632715 0.00261476
658.178 418.28 3.61933 -1.56077 -1 0.00105831 0.00107269 0.00144715 0.002045 0.0243283 -0.00469584 0.0253593 0.0112046 0.031495 0.0071712 0.0320423 0.00952735 0.00674967 0.00215134 0.00683678 0.00226549 0.00794282 0.00230536 0.0432858 0.010103 0.0440013 0.00141399 0.447449 0.0705671 0.110616 -0.00440634 0.640032 0.117215 -0.0685047 0.0214843 0.0783459 0.0243914 -0.0108589 -0.00439935 0.0305577 0.00948943 -0.117924 0.0876699 0.139477 0.160735 -0.183955 -0.00604109 0.454635 0.139353 0.0341831 -0.0353609 0.0771228 0.0399567 0.000906767 2.61627e-05 0.00101188 0.00121362 -0.0069775 0.00473864 0.0143354 0.0240046 -0.00243641 0.0103951 0.0102762 0.0233589 0.00207198 -0.00215425 0.00304216 0.00408107
672.752 1146.38 4.87144 -2.70588 -1 -0.00076311 -2.47739e-05 0.000980343 0.000353598 -0.00483213 2.95564e-05 0.00772572 0.00282981 -0.00120875 -0.00200405 0.00996649 0.0045273 -0.000196168 -0.000341463 0.00113216 0.000944946 0.0410675 0.000828054 0.0429462 0.0113644 0.313809 0.0551618 0.313809 0.121284 0.46128 -0.0272332 0.462596 0.0635722 0.0690635 0.0077145 0.0697101 0.0101629 -0.0383012 0.0128389 0.0401981 0.0218146 -0.207113 0.0357966 0.218364 0.168964 -0.300908 0.00981326 0.32378 0.114389 -0.0443921 0.00229515 0.0463443 0.0307127 0.000739258 -0.000709999 0.00195485 0.00274967 -0.0066488 0.00556739 0.0203615 0.011791 0.00292391 0.00511539 0.0306223 0.0252319 -0.00254369 -0.00187175 0.00390761 0.00535449
162.918 316.203 6.73456 2.0469 1 -0.000263144 -0.000411878 0.000665619 0.000876081 -0.00070145 -0.00580261 0.00733766 0.00956427 0.0130741 0.0118855 0.023633 0.0265291 -0.00113065 -0.00114851 0.00167311 0.0017561 0.00613691 0.00141877 0.0145292 0.0125528 0.0143428 -0.00505562 0.160406 0.172574 -0.073178 0.0470765 0.169878 0.18278 0.00132807 -0.000222861 0.022152 0.0189161 0.00369834 0.00364114 0.060675 0.0115536 0.134277 0.0328723 0.551799 0.115585 0.276499 0.0283705 0.638006 0.14212 0.0290604 -0.0188913 0.0721415 0.037758 -0.00465194 -0.00139281 0.00521315 0.00389288 -0.032683 0.00753275 0.0379567 0.0191906 -0.0827632 0.0138154 0.0844585 0.0242051 -0.0130165 0.000187146 0.017752 0.00439553
