76
666.21 1107.46 575.561 1146.14
689.655 1114.52 599.48 1147.21
801.193 611.434 713.609 644.285
1146.03 1036.04 1062.9 1158.81
746.844 527.056 658.444 562.418
1243.28 204.461 1162.39 241.281
408.598 379.857 315.459 412.403
790.064 524.375 702.385 557.158
762.375 467.273 674.27 502.576
741.014 807.367 652.182 839.288
773.71 474.878 685.739 508.439
1228.17 252.872 1147.1 288.519
748.853 539.106 660.56 572.231
795.098 656.356 707.448 689.793
811.391 457.192 724.242 490.152
1274.29 241.184 1194.11 277.318
781.277 533.396 693.238 566.393
759.432 779.478 671.193 812.48
692.308 1106.59 602.426 1139.23
741.411 783.273 652.902 815.398
689.158 1086.57 599.278 1121.56
780.077 898.9 692.182 931.368
769.894 483.834 682.213 519.389
781.305 470.178 693.213 502.992
785.368 512.289 697.286 545.206
744.792 827.333 656.36 859.452
442.199 1066.54 347.967 1148.44
889.108 275.691 803.106 336.253
703.45 417.459 614.908 450.128
701.162 1093.99 611.62 1127.03
1280.51 249.454 1200.72 285.384
774.994 422.469 686.725 454.969
752.552 564.39 664.692 596.849
711.514 1041.41 622.339 1074.37
803.014 681.591 714.879 717.396
711.873 1237.38 622.479 1270.48
591.949 444.932 500.788 478.068
707.167 1031.75 617.98 1063.7
693.541 1305.29 602.618 1335.35
613.007 433.182 522.131 465.152
751.18 516.929 663.487 549.412
627.02 438.461 536.287 471.301
756.428 740.493 668.61 772.299
716.395 1006.58 627.548 1039.73
705.812 451.923 616.202 487.267
702.006 1224.33 612.631 1257.75
670.544 419.285 580.412 452.145
721.309 442.132 631.869 477.289
676.167 1180.09 586.39 1210.63
665.63 1102.92 574.232 1136.41
726.597 1046.2 638.005 1078.12
752.742 440.346 665.343 474.405
677.591 1087.68 588.125 1122.67
162.918 316.203 67.6444 352.754
762.961 556.442 673.88 588.44
674.132 1112.55 584.576 1148.16
1372.4 214.276 1294.46 250.37
331.551 377.053 236.374 408.483
1315.64 1260.24 1236.01 1414.54
510.127 442.357 417.23 474.108
675.887 1152.03 586.465 1184.49
744.625 1007.42 656.763 1039.77
706.055 429.261 618.373 461.432
490.405 404.502 397.161 436.83
660.889 1224.38 571.223 1256.49
774.473 1020.27 687.3 1054.29
702.455 1254.54 613.607 1287.62
708.032 1247.47 619.391 1280.45
1271.42 1266.19 1191.56 1416.97
1316.59 1250.66 1237.37 1405.77
700.64 1079.02 612.28 1112.46
122.298 324.391 23.8297 356.087
676.103 1273.3 587.066 1305.33
658.178 418.28 566.854 452.301
672.752 1146.38 584.017 1179.45
162.918 316.203 67.6444 352.754
