64
76
575.561 1146.14 6.68972 0.319138 1 0.000605882 -0.00251497 0.00107879 0.00374303 0.00433304 0.0128399 0.0157527 0.0197395 -0.00155403 0.000305987 0.0303957 0.0297494 -0.00102165 -0.000801421 0.00304201 0.00160613 -0.00573816 -0.00269293 0.019353 0.0230131 0.033151 -0.0493789 0.163655 0.174098 0.0084296 0.0537337 0.194412 0.29648 0.00884922 -0.00399725 0.023554 0.0168103 0.0365676 0.00968902 0.0420573 0.0220661 0.3229 -0.067687 0.363117 0.186317 0.302209 0.0132201 0.526831 0.201245 0.0331662 -0.0251979 0.109026 0.0542174 -0.0109667 0.00100761 0.0109667 0.0030064 -0.164125 -0.0138192 0.164125 0.0226237 -0.149504 -0.0151948 0.150718 0.0180335 -0.0152199 -0.00127181 0.0162953 0.00202765
599.48 1147.21 3.76096 -2.61513 -1 0.000145008 1.76734e-05 0.000294919 0.000108913 0.00097599 -0.000232861 0.00188979 0.0013174 0.00349066 -0.000607691 0.00368396 0.00153961 0.00177648 -0.000247846 0.00189949 0.000728125 0.0306815 -0.00776451 0.0359915 0.0079125 0.282615 0.023122 0.353694 0.0697947 0.414116 -0.0191956 0.442724 0.069156 0.0860313 -0.0138675 0.0860313 0.0162591 -0.0226447 -0.00291079 0.0329844 0.0159051 -0.196207 0.0944532 0.207308 0.18697 -0.248632 0.0165857 0.40183 0.193179 -0.0414576 -0.00621882 0.0572473 0.0187256 0.000568443 -0.00297299 0.00523493 0.00485962 -0.016318 0.017781 0.0209595 0.0329369 -0.0121263 0.0224421 0.0405859 0.0353878 -0.00454278 -0.00204886 0.00842156 0.00475036
713.609 644.285 1.97572 -3.12235 -1 0.000387559 0.000576674 0.00145494 0.000677899 -0.0115738 0.000397971 0.018766 0.0150611 -0.00202105 -0.0040959 0.0130076 0.0146327 4.11239e-05 0.000401902 0.0012429 0.00137745 0.0318697 0.00189763 0.0333077 0.00595724 0.36623 -0.0224076 0.373544 0.0570311 0.506177 0.024004 0.516115 0.0778018 0.0667493 0.00828245 0.069157 0.0132298 0.015684 -0.000333343 0.0246707 0.00636878 -0.0387755 0.00345298 0.137645 0.0801949 -0.229667 -0.104445 0.234651 0.130525 -0.0428064 -0.012414 0.0428064 0.0148517 -0.0073968 -0.00307515 0.00752541 0.00307659 -0.049402 -0.0171003 0.052179 0.0175512 -0.0557679 -0.00693702 0.0609653 0.00984983 -0.00841817 -0.001803 0.00851113 0.00183705
1062.9 1158.81 3.5991 -2.62874 1 0.00133445 0.00218687 0.0031409 0.00356033 0.00130501 0.00433345 0.0188079 0.0103416 0.00244683 -0.00234753 0.0241545 0.0178859 0.0134743 0.000472955 0.0161825 0.00722903 -0.000516502 -0.013072 0.012848 0.0215399 -0.0711946 -0.0285385 0.11876 0.1424 -0.0766311 0.185377 0.217841 0.311296 -0.0239129 -0.0197929 0.044892 0.0483648 -0.00867371 -0.0196096 0.0280921 0.031965 0.276961 0.0303172 0.419144 0.226111 0.18944 0.101509 0.437077 0.443746 -0.0175911 -0.00810443 0.0782099 0.0540842 -0.00548466 0.00274053 0.00768651 0.00592538 -0.0600483 0.0381228 0.0685377 0.0440552 -0.0338654 -0.0277759 0.0395375 0.0382961 0.00369407 -0.000233857 0.0060729 0.00322432
658.444 562.418 5.2513 0.287219 -1 0.00160537 -0.00243943 0.00172046 0.00251316 -0.000969102 -0.00109007 0.00475701 0.00666144 -0.00274164 -0.00315916 0.00492026 0.00538806 -0.000504717 -0.000470218 0.000974461 0.00106393 -0.0103008 -0.0181239 0.0201604 0.0197696 0.0736976 0.0326597 0.155528 0.0760755 0.130235 -0.0198214 0.18532 0.0656744 0.0121929 0.00452986 0.0187944 0.0114483 0.0385191 0.00538686 0.042292 0.0184759 0.136139 0.0113175 0.550384 0.246257 0.0184878 -0.1791 0.654807 0.201756 -0.00907435 -0.0170153 0.0657482 0.0296681 -0.00920866 -0.00697167 0.00920866 0.00712444 -0.0214966 -0.00141141 0.0660416 0.0266137 -0.0410223 -0.020887 0.0601577 0.0239245 -0.00245867 0.000750448 0.00255311 0.00135335
1162.39 241.281 2.02763 -1.61942 -1 0.000193552 -0.000188523 0.000345971 0.000612503 0.00555499 0.00153729 0.00665042 0.00469547 0.00778296 0.000567058 0.0135964 0.00759474 0.000359878 -0.000582152 0.000877795 0.00101691 0.0329168 0.00670097 0.0331785 0.0108205 0.355401 0.00951824 0.366841 0.0560195 0.363461 -0.0134585 0.392233 0.0692629 0.0683854 -0.00634718 0.0687277 0.00919727 -0.0244664 0.0163645 0.0267163 0.0215997 -0.219813 0.107224 0.222895 0.167244 -0.322291 -0.174372 0.322291 0.199332 -0.054037 0.00940474 0.0586134 0.0158619 0.000235835 -6.46177e-05 0.00189963 0.00370801 -0.0271984 0.00703789 0.033926 0.020154 -0.0253347 -0.0350508 0.0326326 0.0555336 -0.00253847 0.00887916 0.00498643 0.00990063
315.459 412.403 6.7925 -1.54693 -1 -0.00209881 -0.000297211 0.00315371 0.00181522 0.002848 -0.00353318 0.012749 0.022649 0.035056 0.0215188 0.0460652 0.0248086 0.0101157 0.00454424 0.0110708 0.00495719 0.0382247 0.00454211 0.0527204 0.00839937 0.353703 0.0251795 0.513223 0.0848062 0.217808 0.0524431 0.517167 0.122565 -0.00673616 0.00705998 0.0748783 0.0137637 -0.0192839 -0.0136342 0.0379078 0.0279962 -0.241679 0.0182025 0.268814 0.0812655 -0.180449 -0.103367 0.22678 0.122686 -0.013844 0.0232558 0.021605 0.0256637 -0.00303005 0.000884731 0.00442035 0.00334714 -0.00104999 0.0173134 0.0161867 0.0186307 0.031452 -0.00543828 0.0327757 0.0161689 0.00198521 0.00366231 0.0059454 0.00571882
702.385 557.158 6.89682 -2.47077 1 -0.00184253 -0.00111617 0.00322994 0.00150986 -0.00587654 -0.000576276 0.00785286 0.00662598 -0.0042522 0.00326829 0.0146974 0.0114102 -0.0010909 2.12991e-05 0.00226069 0.000787437 0.00563445 -0.00603473 0.00620905 0.00613345 0.0421252 -0.00679111 0.0441859 0.0210865 0.0350608 -0.013206 0.0879998 0.0494461 0.00825934 0.00235088 0.016894 0.0162477 0.0151066 0.0180837 0.0451916 0.028196 0.316947 -0.0206144 0.460687 0.128458 0.483375 0.0461241 0.576094 0.158028 0.0501919 -0.0579705 0.0544529 0.0697003 -0.00241581 0.00142389 0.00345793 0.00174836 -0.0931686 0.00631756 0.105915 0.015278 -0.0850238 0.0545262 0.0939608 0.0609504 -0.00059126 -0.0160178 0.00410201 0.017956
674.27 502.576 2.82122 -0.0104286 1 0.00158654 -0.00675417 0.00187139 0.00741792 -0.01384 0.0225179 0.0149049 0.02255 -0.0210433 -0.00765682 0.0238611 0.0124648 -0.00374528 -0.00110983 0.00378512 0.00206428 -0.00345462 -0.027857 0.0174191 0.0500514 0.0108489 -0.00742346 0.147923 0.117097 -0.0460834 -0.0629676 0.139786 0.102192 -0.0113649 -0.00759547 0.0248581 0.0148677 -0.0130273 0.0321346 0.0179629 0.0410325 0.246224 0.0882807 0.327594 0.185668 0.562613 -0.0285314 0.592778 0.0869346 0.101402 -0.0154783 0.101678 0.0184936 -0.00428831 0.00601534 0.00430779 0.00602519 -0.0229767 0.0492592 0.023219 0.0492592 -0.0214794 0.0326032 0.0267789 0.0393292 0.00114476 0.00170362 0.00232104 0.00209365
652.182 839.288 2.05613 -0.216778 1 -0.00187875 -0.00135466 0.002527 0.002523 0.0325078 0.0104818 0.0344355 0.0170154 0.0227937 0.00480572 0.0236572 0.0110179 0.00431364 -0.00168452 0.0048952 0.00182291 -0.00300354 -0.000526736 0.023767 0.0146971 -0.0567361 -0.0778861 0.136837 0.151492 -0.157249 0.0399308 0.203545 0.119331 -0.000184119 0.000882825 0.046136 0.0209249 0.0513025 -0.00396899 0.0515155 0.00970706 0.330868 -0.0555046 0.365452 0.127229 0.366865 -0.00260359 0.627424 0.160421 -0.00062785 -0.0343193 0.064002 0.0374088 -0.00277845 -0.00085406 0.0031882 0.00156869 -0.0649658 -0.0314879 0.0649658 0.0315681 -0.09148 -0.0407966 0.0920496 0.0407966 -0.0176404 -0.0081034 0.0181239 0.00855159
685.739 508.439 3.53919 -0.00562474 -1 0.00189832 -0.00341384 0.00262182 0.0051273 0.00395335 0.000568316 0.0151489 0.0135686 -0.00307759 -0.0078613 0.0185872 0.0185039 0.00288024 -0.00331488 0.00458702 0.00506541 -0.00931558 0.0193804 0.0130515 0.0265442 0.258502 0.0312665 0.30615 0.0953257 0.443305 -0.0829366 0.518283 0.0838001 0.0755799 0.0204763 0.0800706 0.0303039 -0.0237136 0.0372967 0.0243015 0.0377854 -0.196867 0.303212 0.208155 0.303212 -0.0107491 0.0613418 0.156008 0.109176 0.0168925 -0.00282435 0.0520839 0.0221128 0.00305459 -0.00284713 0.00361273 0.00306586 -0.048234 0.043857 0.0504739 0.0479178 -0.0646809 0.0363899 0.0646809 0.0381747 -0.0123786 -0.00684946 0.0123786 0.00684946
1147.1 288.519 2.03258 -1.61064 -1 0.00019271 0.00071295 0.00100895 0.00110242 -0.00685695 -0.00570912 0.0131684 0.00936721 0.00846701 0.00500591 0.0108631 0.0125979 0.0017447 -0.000885698 0.00250899 0.00109945 0.0325469 -0.0133721 0.0337649 0.0160018 0.35036 0.0530402 0.356982 0.0884623 0.289081 -0.0149439 0.340035 0.178369 0.0380044 -0.00471876 0.0516769 0.0136861 -0.0131458 -0.00935421 0.0404954 0.0133368 -0.177034 0.0639838 0.400995 0.121986 -0.0894967 -0.0385655 0.486614 0.144377 0.00290667 0.00460744 0.114354 0.0145926 -0.00654762 0.00112001 0.00659019 0.00115744 -0.0401545 -0.000706886 0.0404309 0.0105791 -0.0362641 -0.0090671 0.0374124 0.01752 -0.00495488 0.000314539 0.00555026 0.00155514
660.56 572.231 2.824 -0.03457 -1 -0.00109177 0.000485764 0.00138214 0.000671482 -0.00481554 -0.00110787 0.0079629 0.00785235 0.00173009 0.00120502 0.00606298 0.00623857 -0.000100387 0.000887848 0.00181268 0.00117542 0.0120618 0.0111715 0.0131185 0.0111904 0.322527 0.0874502 0.323927 0.0964773 0.309967 -0.0500457 0.358753 0.0971005 -0.0118779 -0.00877179 0.0737444 0.0147999 0.0340922 0.0270082 0.0348175 0.0276852 -0.0968785 -0.089396 0.248556 0.170921 -0.301946 -0.288375 0.35019 0.330436 0.00667467 -0.00333608 0.0381898 0.0202895 -0.00381523 -0.00438316 0.00430826 0.00499287 -0.0370001 -0.0289231 0.0519307 0.039652 0.0213078 0.00897612 0.0451529 0.0341804 -0.00547974 -0.00168652 0.00547974 0.00433163
707.448 689.793 3.56854 3.13496 -1 -0.00105331 -0.000609073 0.00156376 0.00194233 0.00156204 0.00251499 0.00741983 0.00594514 0.000602024 -0.00288342 0.00537586 0.00959704 0.00152261 0.000333704 0.00255842 0.00139017 0.0476691 -0.00462806 0.0476705 0.00991234 0.388873 0.0154892 0.393733 0.0344949 0.410671 -0.00686842 0.419669 0.066451 0.0515353 -0.00200782 0.0515885 0.00620709 -0.0318962 0.00471943 0.0377231 0.00570457 -0.260808 0.0050916 0.291934 0.0313862 -0.279946 -0.0570279 0.279946 0.0754957 -0.0358149 -0.0115454 0.0426609 0.0134245 -0.00295144 0.000308337 0.00304423 0.000386501 -0.0319702 0.00276363 0.0327164 0.00362797 -0.0482143 0.00464892 0.0485886 0.00634882 -0.00613524 -0.000259553 0.00613524 0.000773887
724.242 490.152 2.83693 -0.697231 -1 -0.00364298 0.000180294 0.00364298 0.00103977 -0.0420163 0.00391511 0.0420163 0.00537165 -0.0606279 -0.0143317 0.0606279 0.0194079 -0.00497415 -0.00176227 0.00498119 0.00249234 0.0357929 0.0030039 0.0368271 0.00779964 0.333458 0.0174127 0.35533 0.098256 0.318928 -0.111042 0.357058 0.151296 0.00526437 0.00416713 0.0153501 0.00986155 -0.0116315 0.0197476 0.0249711 0.0202478 0.00901836 0.0295355 0.0733481 0.0734916 -0.185834 -0.42694 0.218011 0.428343 0.00472439 -0.00653617 0.00846477 0.0104303 -0.000310052 0.000796009 0.00118704 0.00150893 -0.0402471 -0.0326966 0.0495487 0.0787887 -0.0100179 -0.0129658 0.0131328 0.0177985 -0.000234283 -0.00236158 0.000442827 0.00236211
1194.11 277.318 7.08154 1.39153 -1 0.000754504 8.10644e-05 0.00100899 0.000539301 0.0130494 0.000683899 0.0174461 0.00259568 0.0158513 0.00197259 0.0162633 0.0103911 -0.000258795 -0.000720457 0.00274852 0.001335 0.00916087 0.000121637 0.0198188 0.00320243 0.114803 -0.0276053 0.220983 0.030388 0.119822 -0.0262338 0.230069 0.0347112 0.0249648 0.00192058 0.0375619 0.00573161 -0.0154899 0.00561782 0.0417177 0.00773522 -0.216705 0.0716319 0.572387 0.101592 -0.183727 -0.070978 0.643924 0.101068 -0.0344216 -0.00498823 0.0700384 0.0140005 -0.000327275 0.000419494 0.00159684 0.00113253 0.00469377 -0.00274393 0.0147634 0.0147281 -0.00508908 -0.00184393 0.0274863 0.00918591 -0.00133668 -0.000124046 0.00537543 0.00156864
693.238 566.393 2.57798 -2.68317 -1 -3.38348e-05 0.000203641 0.00048691 0.000286005 0.00137018 0.000380543 0.00233341 0.00150409 0.00242286 -0.000807847 0.00307487 0.00213828 0.00039401 3.61315e-05 0.000651763 0.000406928 0.00206326 0.00248395 0.0038658 0.00287877 0.0579451 0.000568079 0.0793204 0.0204151 0.129837 -0.00360578 0.151416 0.0258371 0.00714632 -0.000857774 0.00911817 0.00418896 0.0276342 0.0140887 0.0490356 0.0180833 0.172224 0.0640254 0.542253 0.109678 0.148332 -0.186748 0.672985 0.208183 0.0522621 0.00397963 0.055354 0.026069 0.00272397 -0.000575652 0.00862399 0.00220239 0.0586467 0.00557873 0.0677581 0.0118539 0.123849 0.0540314 0.123849 0.0544975 0.0231928 0.00922776 0.0234039 0.00926767
671.193 812.48 2.05332 -3.08514 -1 0.00244335 0.000774834 0.00244914 0.00152316 0.0211782 0.00136987 0.0211975 0.00448299 0.0266888 0.0119649 0.0266888 0.0141156 0.00105571 -0.000746231 0.00145996 0.00104734 0.00798913 0.00215984 0.016778 0.00489028 0.318094 0.0901855 0.33052 0.0973267 0.39196 -0.0467894 0.414249 0.126846 0.0224475 -0.00982999 0.0274566 0.0105253 0.072966 0.014704 0.072966 0.0157674 0.326992 0.0984545 0.326992 0.131473 0.173114 -0.159968 0.261082 0.183049 0.0697548 -0.0137315 0.0841616 0.0192684 -0.000167549 0.000654939 0.00252184 0.000846261 -0.00461109 -0.0226736 0.0117569 0.0229194 0.00242434 -0.0177767 0.0184428 0.0179967 0.00256429 -0.00210127 0.00393723 0.00342775
602.426 1139.23 2.01575 0.49114 1 -0.00294371 -0.000698698 0.00316175 0.00140991 -0.0150008 -0.00354533 0.0171525 0.00741348 -0.0102821 -0.019261 0.0235284 0.0345643 0.0019183 -0.000235555 0.00261103 0.00357269 0.0305343 0.000676073 0.0312172 0.00866933 0.114374 0.0302472 0.275433 0.106131 0.0507271 0.0823436 0.529437 0.194693 0.0515798 -0.0479972 0.0744194 0.0522083 -0.00807192 0.00628512 0.0392351 0.00775351 0.063774 -0.186063 0.386736 0.221267 0.119125 0.134173 0.416464 0.197001 -0.016082 -0.0255487 0.0612602 0.0337656 -0.010816 0.000756926 0.010816 0.00160666 -0.106301 -0.00091956 0.106301 0.00836839 -0.141541 0.00505275 0.141541 0.0129898 -0.0212675 0.000353623 0.0212675 0.00307357
652.902 815.398 13.8266 3.13381 -1 -0.000543945 -0.000854152 0.00110231 0.00102074 0.00685024 0.00626467 0.00757593 0.00887201 0.00328797 -0.00495033 0.00731857 0.0142373 0.000739117 -0.000133532 0.00203672 0.00182022 0.00412856 0.0167321 0.0701085 0.0204333 0.262131 -0.0357869 0.444758 0.18279 0.43027 -0.0150875 0.505621 0.128568 0.0200099 0.0469828 0.107517 0.0510214 0.0137622 0.00464102 0.0341086 0.0122011 -0.113961 0.111707 0.237824 0.159831 -0.158127 -0.0885206 0.203146 0.171678 -0.0260748 -0.0183652 0.0297215 0.0262337 -0.000260179 0.000998698 0.00322175 0.00232022 0.00493286 -0.000112897 0.0213555 0.0257074 -0.0208419 -0.00164343 0.0278838 0.0231032 -0.000184483 -0.00668764 0.0044602 0.00889805
599.278 1121.56 2.02701 0.610079 1 0.00835946 0.000649114 0.00906954 0.0062839 0.0539044 -0.00647278 0.0564289 0.0339985 0.0672397 0.0313505 0.0686364 0.0429302 0.00496622 -0.004413 0.00602834 0.00477959 -0.010634 -0.0177323 0.0242054 0.0442665 0.0502317 -0.0527028 0.25657 0.257985 -0.204379 0.0357738 0.280717 0.107618 0.0183187 -0.0566008 0.0434147 0.0610806 -0.0155562 0.0142448 0.0389197 0.0300167 0.196544 -0.0645402 0.434774 0.300733 0.338277 0.0606874 0.460948 0.108048 0.0560763 -0.000973268 0.107672 0.0295293 -0.00297915 0.0052884 0.00381628 0.00760477 -0.00523059 0.0284524 0.0379339 0.0493603 0.0410324 -0.0185645 0.0758702 0.0306538 -0.00928381 -0.00375473 0.0188638 0.0106372
692.182 931.368 1.9888 -2.96226 -1 0.000189046 0.000524796 0.00153813 0.000548518 0.000129584 -0.00250535 0.00836035 0.00677428 -0.00700338 0.00632211 0.0102753 0.00846594 -0.00278878 0.00111256 0.00285309 0.00173317 0.0168198 0.000976844 0.0210878 0.00769082 0.281775 0.0616462 0.284735 0.0799588 0.488102 -0.0581111 0.489002 0.124641 0.053443 -0.0253428 0.0552732 0.0276933 0.00601897 -0.00409129 0.0162823 0.0161233 -0.0705941 0.229267 0.239299 0.230297 -0.184369 0.00577154 0.311736 0.131466 0.0249629 -0.0221051 0.0567463 0.0303713 -0.00040434 -0.000337276 0.00347997 0.000805183 -0.0170337 0.00307614 0.0211283 0.00933572 -0.0249273 0.00865334 0.0249273 0.00904195 -0.0072238 0.0029568 0.0072238 0.0029568
682.213 519.389 2.00959 -0.198743 -1 0.0017904 -0.000387797 0.00212412 0.00133115 -0.0149464 -0.0104844 0.0218347 0.0153797 -0.00119978 -0.00181874 0.0108738 0.00982992 -0.00179346 0.00243042 0.00365758 0.00267404 0.00990969 0.00372728 0.0226668 0.00987909 0.343984 0.0327043 0.37029 0.0695667 0.394431 -0.0704973 0.400403 0.112928 0.089526 0.0681179 0.089526 0.0682009 0.0492967 0.012849 0.0510917 0.0134698 0.232845 0.0351222 0.236187 0.0583541 0.341282 0.010707 0.352025 0.114136 0.0315815 0.0230752 0.0322076 0.0263755 -0.0037635 0.00430807 0.00377075 0.00431381 -0.00424446 0.00386522 0.0117531 0.0104821 -0.0068919 0.00582229 0.016247 0.0107333 -0.00291427 -0.00212362 0.00404319 0.00405795
693.213 502.992 5.33703 2.33091 -1 -0.000120004 0.000636986 0.000480575 0.000673861 0.00327839 0.0166218 0.0123825 0.0231252 -0.00778655 -0.0242419 0.0350111 0.0252561 -0.00105875 -0.00240873 0.00173737 0.00341575 0.00381487 0.00434315 0.0105038 0.00970306 0.206841 0.0800928 0.382075 0.107768 0.263991 -0.0604645 0.409256 0.0834017 0.0463786 -0.0145261 0.0617601 0.0206208 0.0112557 0.0651603 0.0223598 0.0651603 0.146552 0.031481 0.271866 0.146162 -0.106553 -0.291043 0.412041 0.343422 0.00385744 -0.000266843 0.073291 0.0436039 -0.0016139 0.00597453 0.00425262 0.00695845 -0.0305294 -0.0462732 0.0358075 0.102365 -0.00605197 0.0228137 0.0219163 0.0330045 0.00379356 -0.000330052 0.00647285 0.00407602
697.286 545.206 1.97165 -2.02129 1 0.000590459 -0.000568678 0.00188032 0.00167271 0.0112099 -0.01643 0.0114596 0.0165821 0.00312583 -0.00160741 0.0039308 0.00288483 7.07185e-05 9.90664e-05 0.0002134 0.000330862 0.00500698 -0.000746105 0.0312601 0.0121177 -0.00857906 -0.0469484 0.0669771 0.0680765 0.0635717 -0.0260527 0.0644069 0.0413617 0.00803996 -0.00272465 0.00872327 0.00426058 0.0384594 -0.00657913 0.0384594 0.00770153 0.460752 -0.193722 0.460752 0.197548 0.453623 0.100983 0.453623 0.18836 0.0742407 -0.0264918 0.0744874 0.0270683 -0.00234961 0.000945398 0.00362331 0.00165444 0.00323936 0.00233558 0.0106836 0.00426962 0.0247554 -0.0116691 0.0263818 0.0158494 0.00482732 -0.00391424 0.00482732 0.00391424
656.36 859.452 2.00363 -2.63966 -1 0.000100927 -0.000442713 0.000511991 0.00081263 0.00400986 -0.00564312 0.00505381 0.00623274 0.00132378 -0.000277113 0.00434454 0.00557327 0.000239829 -5.43555e-05 0.00113209 0.000621786 0.0170568 -0.0265121 0.0239008 0.0283532 0.184217 0.0846228 0.202002 0.176297 0.480262 -0.101852 0.4835 0.104153 0.0734656 -0.0132858 0.0781085 0.0138203 -0.00143678 -0.00140814 0.0182441 0.0158875 0.193208 0.186058 0.287706 0.31349 -0.0793208 0.0461102 0.273226 0.169739 0.0291466 0.0158708 0.0948945 0.0368854 0.000332474 -0.000410877 0.00155819 0.00110339 -0.0369764 0.0291643 0.0416423 0.030578 0.0276706 -0.0199328 0.0483288 0.0369589 -0.00520404 -9.88038e-05 0.0126794 0.00957091
347.967 1148.44 4.75364 -2.98915 1 -0.000463065 -0.00144562 0.0016645 0.00295971 -0.00162913 -0.000220222 0.011071 0.0158518 -0.00355638 0.0141711 0.01249 0.0195529 -0.000576561 0.00143224 0.00343659 0.00311555 -0.00356215 -0.00405357 0.0168946 0.0199421 -0.0899283 0.0219878 0.222774 0.111365 -0.0594356 0.106578 0.170878 0.16847 -0.0115178 -0.00411566 0.0312677 0.0330131 0.0242418 -0.0128836 0.0424801 0.0283972 0.221499 -0.103447 0.512526 0.255041 0.309614 0.183576 0.516957 0.221304 0.0347745 0.0091315 0.0526005 0.0602819 -0.000177702 -0.00132751 0.003325 0.00378169 0.0447134 0.00867688 0.050453 0.0229736 0.0187211 0.0275344 0.0238969 0.0350198 -0.00649464 -0.0105382 0.00777473 0.0143411
803.106 336.253 2.09869 0.357481 -1 0.000185248 -5.89709e-05 0.000800435 0.000616102 -0.00182711 0.00185904 0.00367032 0.0039835 -0.00146068 -0.00865733 0.0106359 0.0115033 0.0027118 0.00248723 0.0028028 0.00255023 0.00085224 0.000375322 0.00747069 0.00699322 0.172743 0.12324 0.196735 0.126944 0.341332 -0.0910582 0.364576 0.151801 0.0183919 0.00130378 0.0245224 0.0114106 -0.00679635 -0.0136185 0.0173329 0.0227486 -0.209482 0.264875 0.283442 0.285658 -0.376076 -0.137216 0.380761 0.173661 -0.0402942 0.00508086 0.0443489 0.0163187 -0.00154785 0.000498458 0.00398817 0.00285448 0.00626083 0.00325485 0.0139625 0.0193287 0.00603088 -0.00952032 0.0143612 0.0217792 0.0037334 0.000739224 0.00428826 0.00571033
614.908 450.128 3.6124 1.55298 1 -0.000921932 0.000641639 0.00102389 0.000731442 -0.00214051 0.00285301 0.00398098 0.00854332 9.71146e-05 -0.00694091 0.0077403 0.0109333 0.0019435 0.00371443 0.00212362 0.00440664 0.00863165 -0.00206788 0.00990248 0.00597428 -0.0663387 -0.0188575 0.144078 0.0451644 -0.205505 0.0480988 0.338214 0.0784426 -0.0134835 0.0107897 0.0467483 0.0198606 0.00171297 0.0110629 0.0518013 0.0178818 0.315595 0.0480899 0.497786 0.0960045 0.437807 -0.0284155 0.479645 0.0424875 0.0422392 -0.0114249 0.102451 0.0302535 0.00710949 0.0013859 0.0128831 0.00342104 -0.00525249 -0.0154522 0.0439592 0.0200473 -0.00532228 -0.000495396 0.0330644 0.0118019 -0.00466173 -0.00363708 0.00550205 0.00374721
611.62 1127.03 3.77454 -2.86903 -1 0.000651383 3.61245e-05 0.000828781 0.000361357 0.00903956 -3.17884e-05 0.0102662 0.003423 0.0151375 0.00322536 0.0161342 0.00400985 0.00200354 0.00156666 0.0026158 0.00182588 0.0459881 0.00766181 0.0460193 0.00772784 0.4473 0.0936879 0.447536 0.0939564 0.395762 -0.0601645 0.395762 0.0883298 0.0374587 0.00517149 0.0385246 0.0118851 -0.00434837 0.0117331 0.0390598 0.0157085 -0.161505 -0.0178779 0.234619 0.138875 -0.0936123 -0.133028 0.238403 0.22789 -0.000527949 -0.00328761 0.0250444 0.0326049 -0.00224527 4.20451e-05 0.00243551 0.00328652 -0.011359 0.0199003 0.0318526 0.0262465 -0.0364965 -0.0148625 0.0568509 0.0460043 -0.00907763 -0.00710587 0.0103361 0.0150261
1200.72 285.384 1.99262 -1.76369 -1 -0.00100786 0.000844678 0.00213384 0.000897779 -0.00321676 -0.0025236 0.0118666 0.00955913 0.00898856 -0.00707131 0.0126262 0.0111945 -0.000905722 0.000435391 0.00336049 0.00124585 0.0426948 0.0166646 0.0479179 0.0167462 0.328645 0.0311645 0.35809 0.119053 0.310815 -0.0830023 0.332543 0.112193 0.0279745 -0.00448924 0.0328879 0.010474 0.00240068 0.0206736 0.0160813 0.0221462 0.0916065 0.0429234 0.245694 0.109012 0.253636 -0.0676643 0.522983 0.211538 0.0765474 -0.0249559 0.112739 0.0285924 -0.00751084 -0.000727119 0.00751088 0.00142478 -0.0669767 0.00536061 0.0669767 0.00934708 -0.0833292 -0.00622043 0.0833292 0.0128286 -0.0150211 4.60931e-05 0.0150211 0.00222889
686.725 454.969 13.4138 1.84787 1 -0.000217336 0.000176762 0.000531376 0.000672055 -0.00308654 0.00271372 0.00472114 0.00735055 -0.00148654 -0.00955884 0.00726502 0.0137969 -0.00119654 0.000324463 0.00158835 0.000780829 -0.0063261 0.0130699 0.00876126 0.0144364 0.00974412 -0.0363861 0.0494437 0.0713753 -0.0172893 -0.020239 0.0649879 0.107098 0.00924322 -0.00422441 0.0151013 0.0129147 -0.00845877 0.0145308 0.0144023 0.0193874 0.174843 0.0282343 0.443713 0.420182 0.243634 0.0115829 0.628681 0.226397 0.0111902 -0.0122346 0.106333 0.0412515 -0.000356928 -0.001911 0.00238235 0.0027896 -0.0469464 0.0307528 0.063124 0.158734 -0.0484938 -0.036618 0.0655738 0.088859 0.000656434 -0.00299861 0.0024697 0.00453328
664.692 596.849 3.60615 -2.85603 1 0.000432332 -0.000838486 0.00145727 0.00154791 0.00895099 -0.00746 0.00908431 0.00750155 0.00167496 -0.00402783 0.00357431 0.00499392 -8.20517e-05 0.00090452 0.000688869 0.000978504 0.00872151 -0.00989738 0.0127588 0.0120964 0.0143545 -0.00976168 0.0685822 0.0515965 0.0543685 0.109706 0.256685 0.25473 0.00192632 0.0236283 0.0890565 0.0395831 -0.0016811 -0.0016817 0.018729 0.00834934 0.133365 0.0128906 0.248419 0.177066 0.265342 0.0868036 0.738131 0.212492 0.0898139 0.0844367 0.157351 0.0845756 -0.00253069 0.00201383 0.00313704 0.00251516 -0.00913867 0.00599282 0.0339836 0.0094195 -0.0531342 -0.00710867 0.0586762 0.0211647 -0.0218618 0.00482151 0.0225296 0.00630919
622.339 1074.37 1.98276 3.13144 1 -0.000812279 0.00222577 0.00232909 0.00239923 -0.00941131 0.0134163 0.0204498 0.0135878 -0.0121828 0.000195523 0.0271829 0.0048153 -0.00305666 -0.0011463 0.00458356 0.0014355 0.0120182 -0.0208658 0.0163738 0.0251154 0.17274 0.129259 0.233388 0.151914 -0.0668065 -0.0135617 0.145936 0.0916196 0.0107196 -0.00888967 0.0454422 0.034743 0.0169757 0.0319372 0.0186646 0.0522506 0.170285 -0.104548 0.230935 0.310802 0.336692 0.0343247 0.600635 0.312329 -0.0222595 -0.0641469 0.0793467 0.0780254 0.00213397 0.00540949 0.0061187 0.0083994 -0.0153839 -0.0015867 0.0585197 0.0484423 -0.115721 -0.0896707 0.118586 0.0928997 -0.00712337 -0.00812759 0.0150422 0.00897842
714.879 717.396 2.07343 2.92834 1 -0.00108952 -0.00186694 0.00128168 0.00221916 -0.00776044 0.00510521 0.00808498 0.0087627 -0.00217626 -0.00582817 0.00899224 0.0196535 -0.000419204 0.00196882 0.00214972 0.00340318 0.0240401 -0.0017697 0.0282482 0.00884442 0.339779 0.0647575 0.351645 0.106262 0.160973 0.0348345 0.161034 0.0569896 0.0473888 0.0118899 0.0473888 0.01353 0.0483927 0.0138846 0.0546259 0.0162927 0.2272 -0.220506 0.310788 0.292477 0.370914 0.0745246 0.462725 0.0993007 0.0447114 0.00934911 0.0638834 0.0204773 -0.00866021 -0.00150492 0.0088605 0.00198578 -0.0682629 -0.00918045 0.0682629 0.0145607 -0.0702091 0.00611433 0.0704549 0.015358 -0.0112479 -0.0025196 0.0114445 0.00288759
622.479 1270.48 2.79785 2.76833 1 -0.000495011 -0.000964181 0.00122332 0.00142865 -0.00318839 0.00549823 0.00755354 0.00941973 0.0102577 0.0102745 0.0152777 0.0264846 0.00391261 0.00351024 0.00430253 0.0049988 0.0153481 -0.00301044 0.0155501 0.0064705 0.068428 0.0226346 0.0722083 0.0369311 0.0651337 0.187254 0.0866251 0.228372 -0.0166212 -0.021817 0.0203662 0.0240791 0.0296713 -0.0103731 0.0840945 0.0175213 0.392064 -0.115462 0.628553 0.250755 0.21223 0.113871 0.264317 0.292765 0.0146702 -0.0140972 0.0489547 0.0230687 -0.0067034 0.00375708 0.00697918 0.00379186 -0.0920829 0.0171272 0.0925367 0.0178611 -0.0907031 -0.013689 0.0908914 0.022686 -0.0122619 -0.00248023 0.0122676 0.00338764
500.788 478.068 3.58073 -1.65913 -1 0.00114742 -0.00119291 0.00142881 0.00125155 -0.00125452 0.0014887 0.00499665 0.00574666 0.0011946 0.00291706 0.00973886 0.00959273 -0.000586438 -8.71759e-05 0.000997559 0.00120614 0.0115153 -0.00775349 0.0237601 0.0138805 0.309451 0.0575939 0.316128 0.0642726 0.366409 -0.0566543 0.427384 0.100586 -0.00451596 0.0072209 0.0258735 0.0129881 0.00666483 0.0107521 0.0580331 0.0137098 -0.0533893 0.138646 0.354896 0.154469 0.199141 0.00227424 0.393264 0.199022 0.0766871 -0.0950066 0.078814 0.102875 0.000715535 0.000749934 0.00142266 0.00167083 -0.0207939 0.011732 0.0268236 0.0223533 -0.0942413 0.0360175 0.0961946 0.0377047 -0.0127294 -0.00368737 0.0199127 0.0058001
617.98 1063.7 2.06303 0.698533 -1 -0.000606997 -0.000244984 0.00231596 0.00101433 0.00973955 -0.00475551 0.0149349 0.00935523 0.00185394 -0.00306221 0.00694847 0.00778376 0.00158623 -0.00018288 0.00213173 0.00132688 0.0156678 -0.00365584 0.0177897 0.00958501 0.172592 0.0654926 0.200128 0.120723 0.379844 -0.0393138 0.449705 0.190436 0.0495715 -0.00126502 0.0540152 0.0214695 0.0168459 -0.0153818 0.0172993 0.0169758 0.0986565 0.15014 0.289324 0.191216 -0.0247725 0.104506 0.550635 0.188603 0.0620485 0.0111112 0.0936609 0.0286504 0.00202372 -0.000586403 0.00308486 0.00142603 0.00389447 -0.0027869 0.0168711 0.0137705 0.0104389 0.00686613 0.0318141 0.0214235 0.00183506 0.00586688 0.0113612 0.00816302
602.618 1335.35 2.77385 2.76372 -1 -0.000225389 -0.00042642 0.000460868 0.00045797 -0.000764436 -0.000363032 0.00188395 0.00157204 -0.00196432 0.00152789 0.00286545 0.00254116 -0.00064272 0.000199965 0.000901623 0.000588519 0.00976196 0.000873885 0.0111732 0.00294592 0.235378 0.0673568 0.245899 0.074949 0.252338 0.00382552 0.258562 0.057001 0.0158997 0.00377866 0.0184884 0.00630935 0.031459 -0.00909007 0.0613002 0.0255206 0.06554 0.104103 0.439297 0.179226 0.125097 -0.197055 0.529307 0.369536 0.0434915 0.00785151 0.121208 0.0407333 -0.00459335 -0.00250262 0.00486955 0.00483889 0.00211793 -0.00148157 0.0329276 0.034306 -0.00285168 0.00419451 0.0180297 0.0358053 0.00114753 0.00399696 0.00224352 0.00733505
522.131 465.152 1.95532 -2.63422 1 -0.00064307 -0.00082773 0.000743947 0.000880331 -0.00498268 0.0127799 0.0071536 0.0129191 -0.0279884 0.000458343 0.0286288 0.0130187 -0.00349068 -0.00155244 0.00353065 0.00217721 0.00686792 0.00432288 0.0082272 0.00566183 0.123139 -0.0220075 0.139622 0.0658149 0.0578792 0.039721 0.106388 0.0674691 0.0470415 0.0300571 0.0490236 0.0379297 0.0444882 0.0183921 0.0446419 0.0183921 0.320388 -0.0527924 0.320388 0.144383 0.440881 0.0542292 0.624178 0.292498 -0.0298171 -0.0561788 0.0530728 0.057788 0.000659177 0.00175767 0.000848174 0.00179197 -0.00885035 -0.00865146 0.0275244 0.0234458 -0.0559292 -0.0565359 0.0559292 0.0565928 -0.00121723 -0.00112112 0.00323714 0.00184184
663.487 549.412 6.91915 0.471185 -1 -0.000320824 0.00135028 0.00139838 0.00557663 0.0115592 -0.0147618 0.0132681 0.0191535 0.00150022 0.00174218 0.00605443 0.00645751 -0.000623623 4.6452e-05 0.000799568 0.000788968 0.0179348 -0.00428683 0.0240933 0.0219571 -0.0445614 -0.0901821 0.179271 0.108024 0.0842789 -0.00264124 0.168153 0.0778901 0.00138222 -0.00142083 0.00989909 0.00607308 0.0017521 0.0179143 0.0297784 0.0333485 0.131209 -0.0680173 0.585326 0.226897 0.0605343 -0.133564 0.640884 0.18171 0.00811686 -0.0195504 0.0640812 0.0359284 -0.00841828 0.00237823 0.00865751 0.00327849 -0.043241 0.000422817 0.0432422 0.0227204 -0.0638764 -0.00219403 0.0639234 0.00976532 -0.00319266 0.00159452 0.00345611 0.00159452
536.287 471.301 1.98635 0.0189371 -1 -0.00659788 -0.00493329 0.00853562 0.0155529 -0.0622843 -0.0191458 0.0623044 0.029952 -0.0313891 -0.0271137 0.0315508 0.0273587 0.000426963 0.00203011 0.000941427 0.00235237 -0.0286342 -0.0589733 0.032261 0.0709628 0.230286 0.14089 0.246381 0.204227 0.376813 -0.192619 0.378234 0.197667 0.0142017 0.0101159 0.0201553 0.033498 -0.00857666 -0.0221015 0.0254224 0.0283136 0.182641 0.262108 0.191521 0.292532 0.218185 -0.0502701 0.300834 0.186942 0.026889 -0.0971741 0.0595679 0.0971741 -9.04528e-05 -0.0016664 0.00157892 0.00530863 0.023755 0.0505215 0.0255492 0.051648 -0.00193323 -0.0433074 0.0433781 0.0486072 -0.00885437 -0.0169608 0.0091563 0.0169886
668.61 772.299 3.60829 2.97581 1 0.00223114 0.000984133 0.00267465 0.00118203 0.00479748 0.00786695 0.00830093 0.00854848 0.00417057 0.00192737 0.00867512 0.00831845 -0.00228523 0.0018503 0.00363047 0.00201388 0.0099186 -0.00446363 0.0099186 0.00563112 0.0363921 -0.00812205 0.0415091 0.0444283 0.00136506 0.0323901 0.0378864 0.0365779 0.0418896 0.0161826 0.0450904 0.0172518 0.0518977 -0.00647005 0.0531542 0.00878865 0.417681 -0.13006 0.424999 0.139285 0.432291 0.119302 0.578311 0.210572 0.0306623 -0.000385033 0.0592952 0.0243941 -0.00313861 0.000511616 0.00315634 0.00201396 -0.0256696 -0.0144658 0.0312645 0.0195685 -0.00208657 -0.00634925 0.0344427 0.018024 -0.00737059 -0.00884879 0.00773081 0.00893835
627.548 1039.73 2.05116 -0.0846415 1 0.000313875 0.00124781 0.000709245 0.00141006 0.0115885 -0.00177112 0.0203527 0.0110704 0.0099959 0.00719677 0.0229114 0.0134547 0.00206402 0.00145969 0.00394613 0.00215418 -0.0037158 -5.20021e-05 0.0145404 0.0102806 -0.0375276 0.0408404 0.144445 0.0849853 0.0286622 0.0113271 0.151797 0.111763 0.0351928 0.0208428 0.0445795 0.0235535 0.0700482 0.0433736 0.0722421 0.0441438 0.46218 -0.194513 0.531774 0.337629 0.32068 0.118081 0.332082 0.148238 0.0213843 0.0078141 0.0275952 0.0172091 -0.00235628 -0.00298263 0.00821374 0.00747584 -0.0445218 -0.0494848 0.0562168 0.0510918 -0.0207078 0.0172806 0.0419407 0.0239247 8.89736e-05 -0.000307441 0.00759006 0.00200671
616.202 487.267 2.82619 -1.55552 1 -0.000573579 0.00120736 0.00104939 0.00133864 -0.00096613 -0.00684995 0.0096757 0.0109999 0.00426631 0.0151103 0.0124104 0.0161748 0.00345939 0.00828823 0.00353307 0.00858811 0.00071673 0.00560349 0.00625633 0.00631996 0.0279588 0.0339543 0.122308 0.0789279 0.0332761 0.174058 0.53196 0.293748 -0.0144658 0.0300024 0.0622372 0.0598521 0.0321018 0.015197 0.0393467 0.0152353 0.293651 -0.0245391 0.366843 0.0970052 0.279114 0.0492051 0.4592 0.14488 0.030398 -0.00278114 0.130863 0.0219253 -0.00132898 0.00203623 0.0019286 0.00205432 -0.0124359 -0.00166447 0.0124359 0.00803992 -0.00960349 0.0177934 0.019153 0.0237896 -0.00414861 0.00121349 0.00974948 0.00278314
612.631 1257.75 6.70257 0.148567 -1 -0.00722858 -0.00168454 0.0118961 0.00408133 -0.0639065 -0.0133742 0.0877493 0.0153693 -0.0111463 -0.00646572 0.0287723 0.0163507 -0.00186161 -0.000727215 0.00325402 0.00338245 -0.00317516 -0.000615142 0.0175152 0.00647073 0.105086 0.054478 0.20173 0.0734172 0.158715 -0.0562435 0.339707 0.135328 -0.0225632 0.01102 0.0430064 0.018884 -0.00527582 0.00352499 0.0192748 0.0110422 -0.0224038 0.124378 0.275225 0.257508 -0.212081 0.0227395 0.633488 0.353579 0.0466166 -0.0455359 0.100223 0.0884664 0.00026867 0.000255551 0.00216028 0.00181145 -0.0361601 -0.0224125 0.0407194 0.0413605 -0.00533637 0.0112198 0.0306159 0.0373006 -0.0170603 0.00354596 0.0200347 0.00789401
580.412 452.145 3.63917 -1.79599 -1 0.00360321 0.00090507 0.00367233 0.000997018 0.0490804 0.0132176 0.0504957 0.0132176 0.0239348 0.0232295 0.0280144 0.0232295 -0.000307315 -0.000204848 0.00300189 0.00113772 -0.0233192 -0.0170996 0.0367956 0.0192844 -0.0845516 0.00630915 0.38419 0.0583757 -0.259956 0.00488514 0.444998 0.0562101 -0.0577167 -0.00659465 0.0688242 0.00898848 0.0174775 0.00617791 0.0338147 0.0144234 0.0438894 0.0908473 0.405328 0.117117 0.193421 -0.155892 0.513726 0.181778 0.030031 0.00331624 0.0600754 0.0113904 -0.000680771 0.000222131 0.00154906 0.00133444 -0.00924874 0.00786986 0.0158716 0.0175117 -0.00836468 0.00624518 0.0106001 0.0163308 -0.00123009 -0.00463262 0.00291375 0.00661597
631.869 477.289 6.85402 1.69727 -1 -0.000113899 6.19368e-05 0.000753367 0.000833102 0.00459276 0.000266734 0.00686593 0.00529023 0.000931585 0.0023161 0.00494753 0.00579127 0.00128213 0.000176582 0.0013615 0.00213769 0.0116108 0.00336155 0.0232585 0.0112337 0.307878 0.082996 0.415819 0.0938596 0.291559 -0.0356188 0.416347 0.081058 0.0355162 -0.0105323 0.0718987 0.0267556 0.0136261 -0.00245136 0.0243603 0.0276089 -0.158445 0.0130426 0.363396 0.102972 -0.251618 -0.0897077 0.406303 0.162261 -0.0472225 -0.0216936 0.0545022 0.0224337 -0.000971011 -0.00485153 0.00298663 0.00655434 -0.0268548 -0.00824889 0.0286886 0.0358038 -0.00631489 -0.0142145 0.0136595 0.0185026 0.000766258 -0.00156088 0.0010996 0.00196651
586.39 1210.63 3.59814 -2.77609 1 -0.00148117 -0.000294183 0.00192645 0.000640091 -0.0112592 -0.000131863 0.0151193 0.00371429 -0.00991081 0.00034446 0.0145259 0.00462981 -0.00111475 -0.000712662 0.00243879 0.0019328 0.00204481 -0.000657111 0.00278503 0.000973696 0.00472314 -0.00403631 0.0113926 0.0105774 0.0301823 0.000943118 0.0394135 0.0140712 0.00884298 -0.000384735 0.00893867 0.00190251 0.0323684 0.00151463 0.0629718 0.0140269 0.385239 -0.00786557 0.495903 0.0983008 0.493779 -0.00993452 0.516292 0.185971 0.0814815 0.0454023 0.0905663 0.050988 -0.000243497 0.00152527 0.0016972 0.00185885 -0.0398571 0.0410984 0.0443607 0.0558804 -0.0742384 -0.0300004 0.0758904 0.0391569 -0.00917236 0.00624902 0.00917236 0.0068806
574.232 1136.41 20.1881 -2.85945 -1 0.00115805 -0.000566516 0.00213702 0.00119727 -0.00108984 0.00507671 0.0141705 0.024501 0.00466523 -0.00871007 0.0150505 0.0105234 0.00111537 0.000989234 0.00170162 0.00221005 0.0104687 -0.000748543 0.0272241 0.0124998 0.269736 0.0483629 0.354622 0.117735 0.277896 -0.000444032 0.65979 0.133518 0.00796811 -0.0144978 0.102243 0.0273191 -0.00539745 0.00311032 0.0184711 0.0187766 -0.144034 0.0228819 0.216498 0.149975 -0.186772 -0.0862202 0.241716 0.209863 -0.00303595 -0.0143444 0.0113713 0.0196776 -6.1079e-05 -0.000230423 0.00237199 0.00238957 -0.0242294 -0.00404377 0.0257944 0.0285799 -0.00403729 -0.00235333 0.0232883 0.0396122 -0.0019619 -0.00139838 0.00312131 0.00408093
638.005 1078.12 3.67839 -2.85941 -1 0.00217614 0.000816976 0.00262455 0.000874185 0.0207426 0.0056885 0.0223606 0.010589 0.0177329 0.00153613 0.0179607 0.00717527 -0.000603174 0.000550443 0.00322818 0.00208243 0.0134881 0.0029796 0.0271123 0.0129144 0.293754 0.043506 0.30497 0.0697686 0.445799 -0.101459 0.456898 0.111927 0.0479959 -0.012743 0.0497458 0.013156 0.0359051 0.010028 0.0370821 0.0148026 0.176627 0.125678 0.293004 0.306225 0.0752686 -0.0061268 0.301844 0.121591 0.051026 -0.00636364 0.0869838 0.01869 -0.00138715 0.00242431 0.00561718 0.00449254 0.00722882 -0.00537866 0.0544924 0.0555976 0.00452856 -0.0475027 0.109247 0.0560278 -0.011755 -0.00286498 0.0124872 0.00382545
665.343 474.405 5.41852 1.98382 -1 8.66981e-05 0.000573879 0.000721516 0.00166703 -0.00033394 -0.00600233 0.0059587 0.0137796 0.00246279 0.00286811 0.010615 0.0107894 -7.08082e-05 0.00085637 0.000908249 0.00137435 -0.0121568 -0.0133086 0.0263116 0.0163341 0.0112051 -0.0120433 0.121755 0.0539339 0.0259618 0.0668209 0.187882 0.0710841 -0.0134559 0.0133653 0.0350426 0.0196378 0.0460168 0.0100996 0.046919 0.0138342 0.212261 -0.0482732 0.351668 0.155603 0.231823 -0.000847363 0.796335 0.134461 0.0515372 -0.01092 0.127173 0.0337488 -0.00335763 -0.00619161 0.00404392 0.00685432 -0.00832517 0.00821011 0.0223547 0.0354824 0.0351646 -0.00652722 0.0508065 0.0215542 0.00270446 -0.00625343 0.0177988 0.00996523
588.125 1122.67 3.59542 0.565406 -1 -0.000776453 -0.000737077 0.00105064 0.00165014 0.00867098 -0.0142127 0.0130754 0.0295698 0.00972981 0.00807759 0.0192138 0.0151717 0.00215764 0.00100048 0.00554868 0.00577053 0.0332909 0.00461089 0.046066 0.039827 0.230838 0.093476 0.405028 0.33141 0.2377 -0.0791021 0.288315 0.17279 -0.00503721 -0.0264836 0.0471688 0.0428119 -0.0043534 0.0101613 0.0306013 0.0275867 0.11328 0.0041919 0.33752 0.165725 0.209717 -0.152437 0.387412 0.272619 0.045773 -0.0406047 0.0511287 0.0601111 -0.00215519 0.00111674 0.00379453 0.00213256 0.005661 0.0271813 0.0785495 0.0378737 -0.0261655 0.00120725 0.0807865 0.0502365 0.0102194 -0.0131538 0.0169362 0.0148854
67.6444 352.754 5.35158 2.05211 1 0.000620599 -0.000162863 0.0010105 0.000500885 -0.00563555 -0.00510922 0.0109198 0.00865451 0.0114817 0.0124283 0.0163902 0.0259121 -0.000862411 0.000101107 0.00196835 0.00174232 0.0008733 -0.0128099 0.0133593 0.0228945 0.0446808 -0.0321025 0.147092 0.178528 -0.0311062 0.0200578 0.180372 0.173442 -0.00340904 0.00819212 0.031665 0.0234222 0.00732207 0.00763322 0.0603145 0.0112448 0.123893 0.0740474 0.53879 0.111086 0.245055 0.0523126 0.641358 0.16259 0.0428595 0.00131326 0.101101 0.0281789 -0.00621888 -0.000271981 0.00783034 0.00355362 -0.0620429 0.0111769 0.0665875 0.0277671 -0.108313 0.0212698 0.109154 0.026285 -0.0167848 0.00398744 0.0178251 0.00591798
673.88 588.44 2.82007 -2.48461 -1 -0.000566966 -0.00023876 0.000772363 0.000427895 0.00344325 -0.0054808 0.00510369 0.00605008 -0.00101633 -0.00385442 0.0033954 0.00477989 0.000525087 0.000478166 0.00102539 0.000771676 0.00304325 -0.00571239 0.00663408 0.00741334 0.0492577 0.0401949 0.161799 0.141662 0.361028 -0.0493678 0.365116 0.167911 0.0685847 -0.003053 0.070416 0.011279 0.0233295 -0.0102916 0.0297819 0.0368041 0.128161 0.137899 0.33904 0.319275 -0.140634 0.0479368 0.47333 0.160373 -0.0179683 0.00236897 0.12105 0.0130424 -0.00455383 0.00568201 0.00573441 0.00685155 0.0508913 0.0193944 0.146328 0.0643336 0.169927 0.0342358 0.200659 0.0451549 0.0319383 -0.00442231 0.0322855 0.00657544
584.576 1148.16 3.60404 0.242364 1 -0.00113774 0.000401223 0.0023522 0.000994483 -0.00506007 -0.0173875 0.0250259 0.0292745 0.000132044 0.0226476 0.028615 0.0280298 0.00937968 -0.00720636 0.0116441 0.0113544 0.0284808 -0.00737295 0.0290769 0.0206032 0.0867752 -0.127114 0.197609 0.187977 0.170369 0.162527 0.268867 0.214925 0.0388625 -0.0258978 0.0818596 0.0379882 0.00867912 0.00109289 0.0282257 0.017301 0.334518 0.0104572 0.437764 0.191914 0.300017 0.0124684 0.389599 0.25042 0.0131973 0.0252791 0.0687052 0.0334688 -0.000445967 0.000610616 0.00931792 0.00204073 -0.0475354 -0.0252309 0.0991029 0.0360702 -0.141806 -0.0333552 0.141806 0.0333658 -0.0284905 -0.00521324 0.0284991 0.00529429
1294.46 250.37 1.99477 1.64072 -1 -0.000934267 -0.000254754 0.00101194 0.000769491 -0.00553877 0.00195325 0.00651526 0.00352519 -0.00262392 0.00402493 0.00910788 0.010165 0.000493221 0.000279104 0.0010732 0.000765146 0.0150638 0.00554267 0.0185999 0.012043 0.372113 0.104471 0.372113 0.115034 0.392251 -0.0670539 0.40117 0.167896 0.058067 -0.00936675 0.0599697 0.013792 0.0152959 0.00559566 0.0215842 0.0261428 -0.117563 0.0690926 0.403802 0.124256 -0.0491462 -0.00320071 0.324566 0.168089 -0.000428659 -0.00300628 0.0577246 0.0341669 0.00371685 -0.00199462 0.00710409 0.00320697 0.0118673 0.00247226 0.0386019 0.0180719 -0.0229821 0.00415948 0.0276015 0.0248486 -0.00356692 -0.00618047 0.00561522 0.00704515
236.374 408.483 3.58579 -1.56328 -1 -6.60323e-05 0.000484143 0.000598758 0.00119986 0.00095219 -0.00155844 0.00645579 0.00595522 -0.00589947 0.00159377 0.015922 0.00545759 -0.00294146 -0.000444527 0.0043959 0.00087896 0.0301445 0.00180581 0.0357978 0.00533222 0.358818 0.0332776 0.386324 0.0480724 0.42844 -0.00643572 0.453539 0.0665323 0.067406 -0.00307393 0.069303 0.0082702 -0.000676225 -0.000680238 0.0460798 0.00962213 -0.173572 -0.0108827 0.3068 0.0504272 -0.181108 -0.0749491 0.355227 0.113311 -0.0295442 -0.0106576 0.0488631 0.0329385 0.00064801 -0.00186462 0.00312642 0.00339129 0.00272848 0.00417216 0.021489 0.0100951 -0.0121695 -0.00119915 0.0186718 0.0230031 -0.00639408 -0.0015328 0.00650183 0.00446317
1236.01 1414.54 3.51233 -0.356858 -1 0.000923782 0.00150158 0.00303487 0.0021427 -0.0259719 -0.0260472 0.0336642 0.0434731 -0.0120307 0.0281808 0.0322903 0.0544151 -0.00130595 -0.00448194 0.00836808 0.00453385 -0.0186585 -0.0113979 0.0281938 0.0300803 0.219364 -0.0592745 0.398672 0.235656 0.063295 0.151671 0.322061 0.394665 -0.0188925 -0.0213466 0.0256474 0.0285497 -0.00571005 0.0101829 0.0283566 0.0244067 -0.0330769 -0.0290749 0.199617 0.289533 -0.0679005 -0.142657 0.304818 0.411906 -0.040401 0.00632641 0.0884596 0.051237 0.00106289 0.0013663 0.00428954 0.00492991 -0.0168534 0.0120515 0.0399014 0.0365571 0.00567421 -0.00568616 0.0416936 0.0373928 -0.00059996 -0.00176087 0.00489323 0.00619196
417.23 474.108 3.53751 2.25651 -1 -6.76404e-05 0.000688435 0.00109595 0.00123181 0.0027765 -0.00942847 0.00749265 0.011255 -0.00049462 0.00139186 0.00849374 0.00937755 -0.00119825 -0.000536422 0.00283716 0.00232105 0.00123649 -0.00311516 0.0209475 0.0140597 0.0244779 0.00224589 0.169983 0.0817472 0.0533296 0.100233 0.229171 0.103245 -0.0126915 0.00763266 0.0302158 0.0150608 -0.00190885 0.00857796 0.013134 0.0233162 0.00321894 0.187349 0.412872 0.228633 0.209068 -0.0521467 0.716207 0.216199 0.0782827 -0.0319455 0.0828201 0.0346989 -0.00165792 -0.00291429 0.00273318 0.00454466 0.00163131 0.00493413 0.0120381 0.0150056 -0.0340875 0.024834 0.0358545 0.0324162 -0.018639 0.00403391 0.0187028 0.00656262
586.465 1184.49 3.60004 -2.67493 -1 -0.000157895 -6.26351e-05 0.000231217 0.000115753 -0.000711998 -0.00120683 0.00262753 0.00206226 0.000767538 0.000496981 0.00400156 0.00184022 0.000107441 -1.92486e-05 0.000885205 0.000352286 0.0501078 -0.00820078 0.0501312 0.0117209 0.294991 0.0583313 0.294991 0.0780271 0.505045 -0.056468 0.505045 0.0745508 0.0775584 0.00197422 0.0776698 0.00492514 -0.0214744 0.011673 0.0477627 0.0204344 -0.0443852 0.0995688 0.164682 0.337305 -0.16421 -0.000514745 0.26577 0.135108 -0.00874649 0.000182664 0.0428495 0.0206788 -0.00382566 0.00202833 0.00432599 0.0026928 -0.0247868 0.00122353 0.0278189 0.0094837 -0.0314106 0.0129494 0.0493138 0.0248687 -0.0104339 -0.00117422 0.0110646 0.00349379
656.763 1039.77 6.74104 -2.99518 1 -0.000321344 0.000170638 0.0013845 0.0022457 -0.00521503 -0.00404257 0.00848712 0.00778118 0.0023643 0.00865168 0.0110388 0.0146103 -6.34539e-05 0.000310953 0.00242945 0.00165119 0.0113884 0.0045211 0.0138167 0.00835748 -0.000849378 0.0449057 0.199396 0.0840474 -0.0344193 -0.029294 0.181178 0.0476103 2.33729e-05 -0.00476079 0.0198459 0.0129463 0.0388539 0.00972992 0.0406377 0.0160023 0.257899 -0.0490054 0.42823 0.0589348 0.2649 0.0105365 0.721809 0.222148 0.0167357 -0.0220588 0.0740726 0.026158 -0.00361371 -0.00316418 0.0092143 0.00599129 -0.0303457 -0.0228278 0.0354957 0.0255498 -0.0177075 -0.0209515 0.0290481 0.021488 -0.000145018 -0.000662479 0.00202477 0.00170385
618.373 461.432 2.79442 1.56054 -1 0.00151017 -0.000201718 0.00159525 0.000337465 0.000527919 -0.00232189 0.0114549 0.0054792 -0.0249095 0.00577948 0.0459386 0.0107141 -0.00209426 0.000373525 0.00687303 0.0010958 -0.0137883 0.00450451 0.0239588 0.0114901 0.24268 0.0674561 0.389549 0.0945983 0.442416 -0.0136494 0.53665 0.0367383 0.0626198 -0.0107728 0.0938739 0.0144232 0.0793868 0.0257379 0.0800524 0.0280904 0.289549 -0.0665285 0.297185 0.112445 0.137821 -0.0150382 0.139017 0.0454859 0.0377876 -0.0027336 0.0383243 0.010144 -0.0108553 -0.00253935 0.0114805 0.0029405 -0.0885851 -0.00959253 0.0921813 0.0138626 -0.0601046 0.0176774 0.0694865 0.0206868 -0.00984904 -0.00640494 0.0157335 0.00695406
397.161 436.83 10.0114 1.76719 1 -0.00012239 -0.000860322 0.00087347 0.00100007 0.00029319 0.00143578 0.00866266 0.0175157 0.00282079 0.00585179 0.0116028 0.0122106 -0.00308381 8.99739e-05 0.0038908 0.00150927 0.00443288 0.00445097 0.00954315 0.0196708 0.0269501 -0.0572013 0.0831482 0.133795 0.00449303 0.0772654 0.0585893 0.11732 0.0100109 -0.00893427 0.0201014 0.0199631 8.65566e-05 0.008413 0.0424245 0.0250302 0.0490029 0.0644322 0.526597 0.218011 0.0733891 -0.0541484 0.739045 0.179583 -0.0150226 -0.0287409 0.117015 0.0410422 -0.00141601 -0.000747651 0.00245834 0.00299103 -0.0473019 -0.00170368 0.0610661 0.018463 -0.0260108 0.00298832 0.0324499 0.0241657 0.000625506 -0.00157871 0.00387356 0.00490833
571.223 1256.49 2.00764 3.0761 -1 0.000321937 -0.000267254 0.000781176 0.00039699 -0.00240324 1.29889e-05 0.00473296 0.00191709 -0.00223587 0.00171008 0.00332816 0.0031914 -0.000565741 0.00013874 0.00115286 0.000377125 0.0151549 -0.0147912 0.0269858 0.0176847 0.243383 -0.0626221 0.372403 0.10899 0.494186 0.0128395 0.494186 0.105515 0.0922265 0.0108946 0.0924689 0.0123566 -0.00459239 -0.0113035 0.0216338 0.0206186 -0.0832634 0.175879 0.17686 0.221134 -0.192636 0.0685151 0.199416 0.21635 -0.010102 0.0351522 0.080438 0.0357563 0.0075008 0.00270443 0.00788012 0.0030055 0.0310495 -0.018282 0.0393415 0.0283728 -0.04893 0.000426064 0.0616174 0.0294489 -0.00915154 0.00356688 0.0117109 0.00581432
687.3 1054.29 2.02364 -2.80744 1 -0.00045622 -0.000626748 0.000693672 0.000798013 -0.0103751 0.00210705 0.0120954 0.0235614 -0.0103632 -0.00710417 0.0164673 0.0236773 -0.000146901 0.00120869 0.00142151 0.00329451 -0.00884232 -0.0107298 0.0147608 0.0137861 -0.0113346 -0.0272072 0.0907584 0.0822925 0.0637571 0.00574433 0.124201 0.063733 0.0136239 0.02202 0.0178642 0.0268802 0.0211754 0.0196865 0.0234172 0.0212599 0.418121 -0.00126504 0.474626 0.206043 0.459915 0.0802618 0.493261 0.179717 0.0600936 -0.0243935 0.0633091 0.0253075 0.000707902 0.00498644 0.00363594 0.00553454 -0.0561503 -0.00368558 0.0561503 0.0156938 -0.037406 -0.00327746 0.0377131 0.00805136 -0.00372478 -0.002486 0.00556707 0.00319118
613.607 1287.62 5.43295 -0.377638 -1 -6.74965e-05 -0.000243035 0.00117124 0.00143491 0.0136241 -0.000993547 0.0177731 0.0070641 0.0167197 0.0122369 0.019125 0.0144173 0.0013523 0.000335804 0.00342362 0.00270366 -0.00778661 -0.00150038 0.00962545 0.00258022 -0.0255255 -0.0322308 0.112636 0.0387493 -0.0531824 -0.029732 0.101977 0.0397744 -0.0106966 -0.00142126 0.0164898 0.00408309 0.0129465 0.0184247 0.0368011 0.0193869 0.0729702 0.0635404 0.475958 0.198718 0.0638273 -0.0364995 0.79365 0.193676 0.00615876 -0.0329349 0.0911556 0.0352254 0.00141726 0.0035157 0.00235884 0.00505061 -0.0251717 -0.0272356 0.0307781 0.034749 -0.0067386 0.00491017 0.0254571 0.0286132 0.000706734 -0.00345691 0.00433392 0.00657712
619.391 1280.45 2.01398 2.83101 -1 0.00144894 -0.000486589 0.00151614 0.000835155 0.00510923 0.00439404 0.00688636 0.00527056 0.0024299 -0.000329392 0.0050545 0.00303192 0.000269461 0.00077675 0.0010768 0.00239747 0.0380654 -0.00969225 0.0391033 0.0097656 0.283481 0.0502821 0.287026 0.102528 0.300409 -0.0270895 0.301778 0.0595139 0.0211538 0.0203711 0.022405 0.0321499 -0.0373209 0.0111025 0.0471006 0.020763 -0.178539 0.00282725 0.512823 0.151891 -0.12413 -0.215588 0.425654 0.249965 0.00283639 0.0025799 0.0330434 0.0181583 -0.000290027 0.000522728 0.000753724 0.000688684 -0.00986129 0.00735081 0.0121233 0.00884646 -0.0366711 0.0161072 0.0372082 0.0169557 -0.00815141 0.000389757 0.0081764 0.0011965
1191.56 1416.97 3.38568 -0.918264 1 -0.000405864 0.00259701 0.00362159 0.00405217 0.0079801 -0.00381477 0.020013 0.0277957 0.00701648 -0.00813398 0.0452734 0.0242236 -0.00307706 -0.00241168 0.0040102 0.00411878 0.00069725 -0.000731732 0.0301299 0.0307986 -0.00778176 0.099736 0.216283 0.236543 0.0895899 0.0637249 0.283446 0.306129 0.0299908 -0.0293185 0.0463566 0.0588351 0.00433173 -0.00454742 0.0355639 0.032662 0.173165 -0.00498369 0.416691 0.226464 0.0516663 0.162206 0.460268 0.39067 -0.0475374 -0.04695 0.0998497 0.10104 -0.00125628 0.00803328 0.00426559 0.00897409 -0.0194057 -0.0178007 0.0461641 0.0593038 -0.00319896 0.00140322 0.0362105 0.0607503 0.00440956 -0.0171207 0.00800603 0.0226684
1237.37 1405.77 5.39456 -0.300917 -1 -0.00148285 0.00487135 0.00304894 0.00660542 0.0126274 -0.00453171 0.0377125 0.0218861 -0.000903647 -0.00140264 0.041162 0.067859 0.00930611 -0.0044904 0.0106996 0.00525711 0.014122 -0.00144188 0.0316859 0.0296772 -0.0221259 0.0566914 0.251509 0.244777 0.15409 0.0144582 0.453775 0.411685 -0.0162761 -0.0299004 0.0349811 0.0361464 -0.00118615 0.0233237 0.0254037 0.0284035 -0.132535 0.113557 0.192175 0.35462 -0.122165 -0.170586 0.294482 0.336733 -0.0264448 0.0115982 0.0742517 0.0447397 0.00181943 0.00154336 0.00556544 0.00524922 -0.00635687 0.0100241 0.0387573 0.058701 -0.0184327 -0.0122355 0.0502961 0.056257 0.00519094 0.00456098 0.0118435 0.0116836
612.28 1112.46 2.7825 1.67757 1 -0.00125778 0.00650109 0.00259291 0.00665884 -0.0038812 0.011439 0.0195985 0.0182377 -0.0291385 -0.0140105 0.0567907 0.0346661 -0.00747284 -0.00444158 0.0115071 0.00448195 -0.0139317 0.0636298 0.01629 0.0655109 -0.0292445 0.000521449 0.107887 0.139041 -0.0641371 0.112163 0.303417 0.314776 0.0045591 -0.0659199 0.114956 0.0676637 -0.00810044 0.0502342 0.00953571 0.0503586 0.0940183 0.323848 0.232008 0.386195 0.285664 -0.0920612 0.392613 0.307349 0.0338257 -0.0195885 0.085327 0.0629343 -0.000803704 0.00395941 0.00105325 0.00412333 -0.0283167 0.12738 0.0310695 0.12738 0.0302954 -0.0764723 0.0408927 0.0806075 9.47345e-05 0.00257493 0.00494397 0.0114832
23.8297 356.087 3.61561 1.67047 -1 0.00051645 -0.000770485 0.00202391 0.00188563 0.00344883 0.00021762 0.0191806 0.0131846 0.00451759 0.000970184 0.0157093 0.00933238 -0.00300255 -0.00174216 0.00397907 0.00262273 0.00426878 0.00734174 0.0374621 0.0124191 0.242221 0.0943382 0.392549 0.118238 0.320103 -0.040181 0.451782 0.0925387 0.0499922 -0.00820571 0.0542214 0.00984352 0.0298448 0.0115987 0.0639206 0.015591 -0.0734431 -0.0168711 0.363301 0.0971299 -0.222329 -0.120065 0.441015 0.133466 -0.0290181 0.000984231 0.0744626 0.0104667 -0.00486909 -0.0021056 0.0049241 0.00223858 -0.0310169 -0.00185082 0.033122 0.0170983 -0.0142146 -0.00511558 0.0313555 0.0254362 -0.00104333 -0.000682465 0.00589197 0.00251438
587.066 1305.33 2.07057 2.78689 -1 -0.000207372 -0.000205714 0.000303489 0.000360972 0.0016025 0.00253779 0.00387475 0.00411254 -0.00249813 -0.000600947 0.0052919 0.00410203 -0.0002467 -6.24899e-05 0.000604525 0.0007245 0.0555376 0.00535138 0.0556252 0.0108108 0.259134 0.00846738 0.334497 0.137403 0.448072 -0.0207752 0.460536 0.14159 0.0590519 -0.00396001 0.0628705 0.0209752 -0.0206687 -0.00564975 0.0258997 0.0128988 -0.156547 -0.0480069 0.182074 0.275295 -0.287061 -0.0533435 0.321894 0.132675 -0.0418447 0.0175515 0.0466264 0.0453324 0.000489505 0.00363741 0.00100347 0.00390857 -0.00166303 -0.0165146 0.0185581 0.0273599 -0.0308763 -0.00564024 0.0429811 0.0160789 -0.00320786 0.00191115 0.00523569 0.00474446
566.854 452.301 2.84468 -1.45709 -1 -0.000341243 0.00144141 0.00080815 0.00159976 0.00232896 -0.00848789 0.0158292 0.0130279 0.0100637 0.00561631 0.0175706 0.0116293 0.00595214 -4.11294e-05 0.00595952 0.00120512 0.0160668 -2.68124e-05 0.0436173 0.00710071 0.129399 -0.0134433 0.411625 0.0567542 0.199258 -0.0382926 0.577784 0.123012 -0.0597981 0.0268516 0.0738622 0.0336071 -0.0174694 -0.00529674 0.0183265 0.00875877 -0.107957 0.139445 0.154851 0.194125 -0.104521 0.077368 0.482393 0.169763 0.0688837 -0.0723093 0.129823 0.0728408 0.000968508 0.000845397 0.00316738 0.00250654 -0.0160015 0.00134385 0.0252633 0.0157494 0.0037344 0.00943493 0.011021 0.0234404 0.000470514 0.000559345 0.00271589 0.00419016
584.017 1179.45 5.05707 -2.74181 -1 -0.000651835 -0.000219592 0.00088259 0.000356064 -0.00284146 -0.00138434 0.00755197 0.00452604 -0.000705587 -0.000783791 0.00725911 0.00421767 0.000806251 -0.000173088 0.000961073 0.000742643 0.044155 -0.00619961 0.0441823 0.00659675 0.303294 0.0856963 0.303294 0.127305 0.448974 -0.00930078 0.448974 0.0546938 0.0683276 0.00981237 0.0712161 0.0120714 -0.0351744 0.0235754 0.0363567 0.0319324 -0.19051 0.0211552 0.246199 0.201745 -0.295468 -0.00720977 0.329527 0.130516 -0.0470503 0.0057271 0.0530337 0.0323314 0.000956191 -0.000931578 0.00259317 0.00220252 -0.0119901 0.00855759 0.0203302 0.0138721 -0.000261091 0.00814815 0.0576953 0.081017 -0.00223929 0.00259007 0.00503864 0.0031783
67.6444 352.754 5.35158 2.05211 1 0.000620599 -0.000162863 0.0010105 0.000500885 -0.00563555 -0.00510922 0.0109198 0.00865451 0.0114817 0.0124283 0.0163902 0.0259121 -0.000862411 0.000101107 0.00196835 0.00174232 0.0008733 -0.0128099 0.0133593 0.0228945 0.0446808 -0.0321025 0.147092 0.178528 -0.0311062 0.0200578 0.180372 0.173442 -0.00340904 0.00819212 0.031665 0.0234222 0.00732207 0.00763322 0.0603145 0.0112448 0.123893 0.0740474 0.53879 0.111086 0.245055 0.0523126 0.641358 0.16259 0.0428595 0.00131326 0.101101 0.0281789 -0.00621888 -0.000271981 0.00783034 0.00355362 -0.0620429 0.0111769 0.0665875 0.0277671 -0.108313 0.0212698 0.109154 0.026285 -0.0167848 0.00398744 0.0178251 0.00591798
